nodenumber     x-coordinate     y-coordinate     z-coordinate       z-velocity 
         1 -8.269377403E-03  2.058398818E-03 -7.490639091E-02  0.000000000E+00 
         2 -8.769489061E-03  2.063451813E-03 -7.490639091E-02  0.000000000E+00 
         3 -7.771428801E-03  2.105581156E-03 -7.490639091E-02  0.000000000E+00 
         4 -9.266629253E-03  2.119725412E-03 -7.490639091E-02  0.000000000E+00 
         5 -8.272242126E-03  2.153176716E-03 -7.490639091E-02  1.000000000E-02 
         6 -8.764937099E-03  2.158080453E-03 -7.490639091E-02  1.000000000E-02 
         7 -7.781422624E-03  2.199951546E-03 -7.490639091E-02  1.000000000E-02 
         8 -7.280602268E-03  2.201724347E-03 -7.490639091E-02  0.000000000E+00 
         9 -9.255043519E-03  2.213688755E-03 -7.490639091E-02  1.000000000E-02 
        10 -9.756556393E-03  2.222300206E-03 -7.490639091E-02  0.000000000E+00 
        11 -8.275659038E-03  2.266216821E-03 -7.490639091E-02  1.000000000E-02 
        12 -8.759524974E-03  2.270948076E-03 -7.490639091E-02  1.000000000E-02 
        13 -7.297167423E-03  2.295197182E-03 -7.490639091E-02  1.000000000E-02 
        14 -7.793330383E-03  2.312536425E-03 -7.490639091E-02  1.000000000E-02 
        15 -9.738660114E-03  2.315232215E-03 -7.490639091E-02  1.000000000E-02 
        16 -9.241248232E-03  2.325810036E-03 -7.490639091E-02  1.000000000E-02 
        17 -6.800839355E-03  2.341091160E-03 -7.490639091E-02  0.000000000E+00 
        18 -1.023617682E-02  2.364788505E-03 -7.490639091E-02  0.000000000E+00 
        19 -8.279730287E-03  2.400872441E-03 -7.490639091E-02  1.000000000E-02 
        20 -8.753099624E-03  2.405406108E-03 -7.490639091E-02  1.000000000E-02 
        21 -7.316909829E-03  2.406749080E-03 -7.490639091E-02  1.000000000E-02 
        22 -9.717330437E-03  2.426178854E-03 -7.490639091E-02  1.000000000E-02 
        23 -6.823609138E-03  2.433229317E-03 -7.490639091E-02  1.000000000E-02 
        24 -7.807502097E-03  2.446692933E-03 -7.490639091E-02  1.000000000E-02 
        25 -1.021244006E-02  2.456389281E-03 -7.490639091E-02  1.000000000E-02 
        26 -9.224842405E-03  2.459446214E-03 -7.490639091E-02  1.000000000E-02 
        27 -6.333897357E-03  2.516343876E-03 -7.490639091E-02  0.000000000E+00 
        28 -7.340412936E-03  2.539728417E-03 -7.490639091E-02  1.000000000E-02 
        29 -1.070426398E-02  2.540345241E-03 -7.490639091E-02  0.000000000E+00 
        30 -6.850757648E-03  2.543227033E-03 -7.490639091E-02  1.000000000E-02 
        31 -9.691936265E-03  2.558494677E-03 -7.490639091E-02  1.000000000E-02 
        32 -1.018412755E-02  2.565799934E-03 -7.490639091E-02  1.000000000E-02 
        33 -6.362440124E-03  2.606813111E-03 -7.490639091E-02  1.000000000E-02 
        34 -1.067523269E-02  2.630448144E-03 -7.490639091E-02  1.000000000E-02 
        35 -6.883094228E-03  2.674409069E-03 -7.490639091E-02  1.000000000E-02 
        36 -8.735285442E-03  2.681209662E-03 -7.490639091E-02  1.000000000E-02 
        37 -7.845055131E-03  2.692224490E-03 -7.490639091E-02  1.000000000E-02 
        38 -8.292991035E-03  2.694256841E-03 -7.490639091E-02  1.000000000E-02 
        39 -1.015038941E-02  2.696359392E-03 -7.490639091E-02  1.000000000E-02 
        40 -9.184536756E-03  2.698129062E-03 -7.490639091E-02  1.000000000E-02 
        41 -6.396496290E-03  2.714873886E-03 -7.490639091E-02  1.000000000E-02 
        42 -5.879215935E-03  2.719794891E-03 -7.490639091E-02  0.000000000E+00 
        43 -1.064057323E-02  2.738128173E-03 -7.490639091E-02  1.000000000E-02 
        44 -8.809283675E-03  2.740926311E-03 -7.490639091E-02  1.000000000E-02 
        45 -7.392034488E-03  2.741832262E-03 -7.490639091E-02  1.000000000E-02 
        46 -1.116131281E-02  2.742022934E-03 -7.490639091E-02  0.000000000E+00 
        47 -9.637886663E-03  2.762787655E-03 -7.490639091E-02  1.000000000E-02 
        48 -7.728843667E-03  2.791687041E-03 -7.490639091E-02  1.000000000E-02 
        49 -5.912888508E-03  2.808408328E-03 -7.490639091E-02  1.000000000E-02 
        50 -9.343789888E-03  2.822661273E-03 -7.490639091E-02  1.000000000E-02 
        51 -1.112752519E-02  2.830502746E-03 -7.490639091E-02  1.000000000E-02 
        52 -6.940912616E-03  2.839247122E-03 -7.490639091E-02  1.000000000E-02 
        53 -6.437095563E-03  2.843824418E-03 -7.490639091E-02  1.000000000E-02 
        54 -1.059922747E-02  2.866705173E-03 -7.490639091E-02  1.000000000E-02 
        55 -1.008866785E-02  2.871817320E-03 -7.490639091E-02  1.000000000E-02 
        56 -7.200494689E-03  2.904881468E-03 -7.490639091E-02  1.000000000E-02 
        57 -5.953102072E-03  2.914320693E-03 -7.490639091E-02  1.000000000E-02 
        58 -1.108715287E-02  2.936307044E-03 -7.490639091E-02  1.000000000E-02 
        59 -9.869899671E-03  2.938007546E-03 -7.490639091E-02  1.000000000E-02 
        60 -5.435263202E-03  2.944287021E-03 -7.490639091E-02  0.000000000E+00 
        61 -1.160880775E-02  2.963682014E-03 -7.490639091E-02  0.000000000E+00 
        62 -6.495175863E-03  2.977900891E-03 -7.490639091E-02  1.000000000E-02 
        63 -8.272427561E-03  2.988946945E-03 -7.490639091E-02  1.000000000E-02 
        64 -8.795228275E-03  2.998570590E-03 -7.490639091E-02  1.000000000E-02 
        65 -7.750623540E-03  3.018286129E-03 -7.490639091E-02  1.000000000E-02 
        66 -1.053313012E-02  3.021619810E-03 -7.490639091E-02  1.000000000E-02 
        67 -5.473370916E-03  3.030983809E-03 -7.490639091E-02  1.000000000E-02 
        68 -6.001093725E-03  3.040803607E-03 -7.490639091E-02  1.000000000E-02 
        69 -9.316589370E-03  3.044446980E-03 -7.490639091E-02  1.000000000E-02 
        70 -6.686180150E-03  3.049788627E-03 -7.490639091E-02  1.000000000E-02 
        71 -1.157089614E-02  3.050541345E-03 -7.490639091E-02  1.000000000E-02 
        72 -1.103894373E-02  3.062735483E-03 -7.490639091E-02  1.000000000E-02 
        73 -1.038585769E-02  3.082425775E-03 -7.490639091E-02  1.000000000E-02 
        74 -7.232713633E-03  3.087919879E-03 -7.490639091E-02  1.000000000E-02 
        75 -9.833765770E-03  3.125572079E-03 -7.490639091E-02  1.000000000E-02 
        76 -8.275123580E-03  3.126781504E-03 -7.490639091E-02  1.000000000E-02 
        77 -5.518922353E-03  3.134677467E-03 -7.490639091E-02  1.000000000E-02 
        78 -8.788571797E-03  3.136249754E-03 -7.490639091E-02  1.000000000E-02 
        79 -6.057892642E-03  3.154320245E-03 -7.490639091E-02  1.000000000E-02 
        80 -1.152555166E-02  3.154477566E-03 -7.490639091E-02  1.000000000E-02 
        81 -7.762696751E-03  3.155610413E-03 -7.490639091E-02  1.000000000E-02 
        82 -9.300591695E-03  3.181347842E-03 -7.490639091E-02  1.000000000E-02 
        83 -5.000077993E-03  3.183561545E-03 -7.490639091E-02  0.000000000E+00 
        84 -6.722082805E-03  3.194638276E-03 -7.490639091E-02  1.000000000E-02 
        85 -1.204863773E-02  3.200410603E-03 -7.490639091E-02  0.000000000E+00 
        86 -1.096665613E-02  3.211222351E-03 -7.490639091E-02  1.000000000E-02 
        87 -6.184354597E-03  3.220108040E-03 -7.490639091E-02  1.000000000E-02 
        88 -7.254014628E-03  3.224030174E-03 -7.490639091E-02  1.000000000E-02 
        89 -8.277351604E-03  3.240679965E-03 -7.490639091E-02  1.000000000E-02 
        90 -1.034356402E-02  3.241739389E-03 -7.490639091E-02  1.000000000E-02 
        91 -8.783074745E-03  3.250012513E-03 -7.490639091E-02  1.000000000E-02 
        92 -1.089145174E-02  3.250734762E-03 -7.490639091E-02  1.000000000E-02 
        93 -5.573342547E-03  3.258612471E-03 -7.490639091E-02  1.000000000E-02 
        94 -9.808522137E-03  3.261051855E-03 -7.490639091E-02  1.000000000E-02 
        95 -5.039350313E-03  3.263486156E-03 -7.490639091E-02  1.000000000E-02 
        96 -7.772668979E-03  3.269102577E-03 -7.490639091E-02  1.000000000E-02 
        97 -1.147134238E-02  3.278774472E-03 -7.490639091E-02  1.000000000E-02 
        98 -1.200737701E-02  3.285788940E-03 -7.490639091E-02  1.000000000E-02 
        99 -1.136843965E-02  3.292634346E-03 -7.490639091E-02  1.000000000E-02 
       100 -9.287376732E-03  3.294468351E-03 -7.490639091E-02  1.000000000E-02 
       101 -6.752021551E-03  3.329004828E-03 -7.490639091E-02  1.000000000E-02 
       102 -6.220148282E-03  3.333838464E-03 -7.490639091E-02  1.000000000E-02 
       103 -8.279197665E-03  3.334932789E-03 -7.490639091E-02  0.000000000E+00 
       104 -7.271612889E-03  3.336551842E-03 -7.490639091E-02  1.000000000E-02 
       105 -8.778530314E-03  3.344147967E-03 -7.490639091E-02  0.000000000E+00 
       106 -5.086352044E-03  3.359175335E-03 -7.490639091E-02  1.000000000E-02 
       107 -7.780920479E-03  3.363029629E-03 -7.490639091E-02  0.000000000E+00 
       108 -5.632684941E-03  3.366644994E-03 -7.490639091E-02  1.000000000E-02 
       109 -9.787666280E-03  3.373008257E-03 -7.490639091E-02  1.000000000E-02 
       110 -1.030937219E-02  3.375193748E-03 -7.490639091E-02  1.000000000E-02 
       111 -1.195798990E-02  3.388009082E-03 -7.490639091E-02  1.000000000E-02 
       112 -9.276446367E-03  3.388072907E-03 -7.490639091E-02  0.000000000E+00 
       113 -1.084378656E-02  3.391826812E-03 -7.490639091E-02  1.000000000E-02 
       114 -5.692213341E-03  3.406764486E-03 -7.490639091E-02  1.000000000E-02 
       115 -7.286175620E-03  3.429697926E-03 -7.490639091E-02  0.000000000E+00 
       116 -4.571678898E-03  3.432934708E-03 -7.490639091E-02  0.000000000E+00 
       117 -1.138893832E-02  3.436722340E-03 -7.490639091E-02  1.000000000E-02 
       118 -6.776767003E-03  3.440124974E-03 -7.490639091E-02  1.000000000E-02 
       119 -1.248210568E-02  3.448519129E-03 -7.490639091E-02  0.000000000E+00 
       120 -9.770412894E-03  3.465656585E-03 -7.490639091E-02  0.000000000E+00 
       121 -6.258228128E-03  3.466040335E-03 -7.490639091E-02  1.000000000E-02 
       122 -5.142586058E-03  3.473679514E-03 -7.490639091E-02  1.000000000E-02 
       123 -1.028112130E-02  3.485488086E-03 -7.490639091E-02  1.000000000E-02 
       124 -4.605007217E-03  3.494784214E-03 -7.490639091E-02  1.000000000E-02 
       125 -5.728176258E-03  3.501903826E-03 -7.490639091E-02  1.000000000E-02 
       126 -1.189889435E-02  3.510339110E-03 -7.490639091E-02  1.000000000E-02 
       127 -1.080098339E-02  3.522729187E-03 -7.490639091E-02  1.000000000E-02 
       128 -5.100200088E-03  3.531914950E-03 -7.490639091E-02  1.000000000E-02 
       129 -6.797250341E-03  3.532138146E-03 -7.490639091E-02  0.000000000E+00 
       130 -1.243780559E-02  3.532390308E-03 -7.490639091E-02  1.000000000E-02 
       131 -4.644939319E-03  3.568904633E-03 -7.490639091E-02  1.000000000E-02 
       132 -1.133326781E-02  3.573393975E-03 -7.490639091E-02  1.000000000E-02 
       133 -6.289715791E-03  3.575406953E-03 -7.490639091E-02  1.000000000E-02 
       134 -1.025774897E-02  3.576769587E-03 -7.490639091E-02  0.000000000E+00 
       135 -5.199576578E-03  3.605668884E-03 -7.490639091E-02  1.000000000E-02 
       136 -1.183993079E-02  3.613326232E-03 -7.490639091E-02  1.000000000E-02 
       137 -1.076561728E-02  3.630917901E-03 -7.490639091E-02  1.000000000E-02 
       138 -5.773811046E-03  3.631604735E-03 -7.490639091E-02  1.000000000E-02 
       139 -1.238487794E-02  3.632914093E-03 -7.490639091E-02  1.000000000E-02 
       140 -4.692773321E-03  3.657703410E-03 -7.490639091E-02  1.000000000E-02 
       141 -6.315788033E-03  3.665993332E-03 -7.490639091E-02  0.000000000E+00 
       142 -4.148197702E-03  3.689514515E-03 -7.490639091E-02  0.000000000E+00 
       143 -1.128215454E-02  3.701296495E-03 -7.490639091E-02  1.000000000E-02 
       144 -1.290997375E-02  3.705900925E-03 -7.490639091E-02  0.000000000E+00 
       145 -1.184743806E-02  3.707098828E-03 -7.490639091E-02  1.000000000E-02 
       146 -5.253872762E-03  3.710967244E-03 -7.490639091E-02  1.000000000E-02 
       147 -1.073635923E-02  3.720459660E-03 -7.490639091E-02  0.000000000E+00 
       148 -4.177044728E-03  3.738777348E-03 -7.490639091E-02  1.000000000E-02 
       149 -5.811565085E-03  3.738948945E-03 -7.490639091E-02  1.000000000E-02 
       150 -4.726066045E-03  3.748538224E-03 -7.490639091E-02  1.000000000E-02 
       151 -1.232151014E-02  3.753265958E-03 -7.490639091E-02  1.000000000E-02 
       152 -4.832801804E-03  3.755975255E-03 -7.490639091E-02  1.000000000E-02 
       153 -1.181109643E-02  3.783630231E-03 -7.490639091E-02  1.000000000E-02 
       154 -1.286290466E-02  3.788267381E-03 -7.490639091E-02  1.000000000E-02 
       155 -4.211621764E-03  3.797830538E-03 -7.490639091E-02  1.000000000E-02 
       156 -1.123992660E-02  3.806994458E-03 -7.490639091E-02  1.000000000E-02 
       157 -1.228607305E-02  3.811593220E-03 -7.490639091E-02  1.000000000E-02 
       158 -5.842837915E-03  3.827892953E-03 -7.490639091E-02  0.000000000E+00 
       159 -5.303673291E-03  3.831822181E-03 -7.490639091E-02  1.000000000E-02 
       160 -4.253057313E-03  3.868604473E-03 -7.490639091E-02  1.000000000E-02 
       161 -1.280662779E-02  3.887031070E-03 -7.490639091E-02  1.000000000E-02 
       162 -1.120499584E-02  3.894467615E-03 -7.490639091E-02  0.000000000E+00 
       163 -1.175197373E-02  3.908215476E-03 -7.490639091E-02  1.000000000E-02 
       164 -4.758448720E-03  3.916487439E-03 -7.490639091E-02  1.000000000E-02 
       165 -5.344894255E-03  3.931896210E-03 -7.490639091E-02  1.000000000E-02 
       166 -4.475279249E-03  3.942978974E-03 -7.490639091E-02  1.000000000E-02 
       167 -3.728214306E-03  3.951558268E-03 -7.490639091E-02  0.000000000E+00 
       168 -4.307367520E-03  3.955656961E-03 -7.490639091E-02  1.000000000E-02 
       169 -1.333288019E-02  3.971538403E-03 -7.490639091E-02  0.000000000E+00 
       170 -4.495747285E-03  3.979131689E-03 -7.490639091E-02  1.000000000E-02 
       171 -4.813935735E-03  3.988466859E-03 -7.490639091E-02  1.000000000E-02 
       172 -1.229330370E-02  3.997753640E-03 -7.490639091E-02  1.000000000E-02 
       173 -3.758258805E-03  3.999986142E-03 -7.490639091E-02  1.000000000E-02 
       174 -1.273921374E-02  4.005328240E-03 -7.490639091E-02  1.000000000E-02 
       175 -1.170316267E-02  4.011105009E-03 -7.490639091E-02  1.000000000E-02 
       176 -5.379051532E-03  4.014852379E-03 -7.490639091E-02  0.000000000E+00 
       177 -1.228003630E-02  4.022752749E-03 -7.490639091E-02  1.000000000E-02 
       178 -1.272512004E-02  4.026950211E-03 -7.490639091E-02  1.000000000E-02 
       179 -1.328352583E-02  4.052585450E-03 -7.490639091E-02  1.000000000E-02 
       180 -3.794300127E-03  4.058086371E-03 -7.490639091E-02  1.000000000E-02 
       181 -4.857872968E-03  4.082076729E-03 -7.490639091E-02  1.000000000E-02 
       182 -1.166281080E-02  4.096209621E-03 -7.490639091E-02  0.000000000E+00 
       183 -3.837532023E-03  4.127787124E-03 -7.490639091E-02  1.000000000E-02 
       184 -1.221189496E-02  4.142956550E-03 -7.490639091E-02  1.000000000E-02 
       185 -1.322435728E-02  4.149742489E-03 -7.490639091E-02  1.000000000E-02 
       186 -4.894242834E-03  4.159589361E-03 -7.490639091E-02  1.000000000E-02 
       187 -4.143312582E-03  4.171940342E-03 -7.490639091E-02  1.000000000E-02 
       188 -4.329716669E-03  4.179605659E-03 -7.490639091E-02  1.000000000E-02 
       189 -1.280252515E-02  4.186991875E-03 -7.490639091E-02  1.000000000E-02 
       190 -4.153701442E-03  4.189615284E-03 -7.490639091E-02  1.000000000E-02 
       191 -3.889640824E-03  4.209920555E-03 -7.490639091E-02  1.000000000E-02 
       192 -3.311662002E-03  4.217761184E-03 -7.490639091E-02  0.000000000E+00 
       193 -4.924381869E-03  4.223842607E-03 -7.490639091E-02  0.000000000E+00 
       194 -1.215571262E-02  4.242085331E-03 -7.490639091E-02  1.000000000E-02 
       195 -1.375118294E-02  4.244546506E-03 -7.490639091E-02  0.000000000E+00 
       196 -3.342604317E-03  4.265512731E-03 -7.490639091E-02  1.000000000E-02 
       197 -1.315343715E-02  4.266178834E-03 -7.490639091E-02  1.000000000E-02 
       198 -4.377900914E-03  4.269897446E-03 -7.490639091E-02  1.000000000E-02 
       199 -1.273886231E-02  4.290824496E-03 -7.490639091E-02  1.000000000E-02 
       200 -3.379739180E-03  4.322829072E-03 -7.490639091E-02  1.000000000E-02 
       201 -1.210931817E-02  4.323984085E-03 -7.490639091E-02  0.000000000E+00 
       202 -1.369983036E-02  4.324379705E-03 -7.490639091E-02  1.000000000E-02 
       203 -4.417838617E-03  4.342426506E-03 -7.490639091E-02  1.000000000E-02 
       204 -3.424306376E-03  4.391628745E-03 -7.490639091E-02  1.000000000E-02 
       205 -4.450869824E-03  4.402427006E-03 -7.490639091E-02  1.000000000E-02 
       206 -1.266057681E-02  4.405031439E-03 -7.490639091E-02  1.000000000E-02 
       207 -1.363824959E-02  4.420108348E-03 -7.490639091E-02  1.000000000E-02 
       208 -3.792836598E-03  4.431336613E-03 -7.490639091E-02  1.000000000E-02 
       209 -3.880727385E-03  4.438910946E-03 -7.490639091E-02  1.000000000E-02 
       210 -4.478223865E-03  4.452124639E-03 -7.490639091E-02  0.000000000E+00 
       211 -3.620750842E-03  4.465267874E-03 -7.490639091E-02  1.000000000E-02 
       212 -3.474968125E-03  4.470151622E-03 -7.490639091E-02  1.000000000E-02 
       213 -1.325553971E-02  4.481782767E-03 -7.490639091E-02  1.000000000E-02 
       214 -2.898604167E-03  4.487965710E-03 -7.490639091E-02  0.000000000E+00 
       215 -1.259610228E-02  4.499073657E-03 -7.490639091E-02  1.000000000E-02 
       216 -3.928870945E-03  4.522663214E-03 -7.490639091E-02  1.000000000E-02 
       217 -1.416521423E-02  4.524117484E-03 -7.490639091E-02  0.000000000E+00 
       218 -1.356441424E-02  4.534877667E-03 -7.490639091E-02  1.000000000E-02 
       219 -2.930340503E-03  4.535091077E-03 -7.490639091E-02  1.000000000E-02 
       220 -1.254290846E-02  4.576676032E-03 -7.490639091E-02  0.000000000E+00 
       221 -1.318245125E-02  4.587055147E-03 -7.490639091E-02  1.000000000E-02 
       222 -2.968434788E-03  4.591667008E-03 -7.490639091E-02  1.000000000E-02 
       223 -3.973603827E-03  4.592392444E-03 -7.490639091E-02  1.000000000E-02 
       224 -1.411198943E-02  4.602759505E-03 -7.490639091E-02  1.000000000E-02 
       225 -4.010580738E-03  4.650039365E-03 -7.490639091E-02  1.000000000E-02 
       226 -3.014162687E-03  4.659593923E-03 -7.490639091E-02  1.000000000E-02 
       227 -1.309394549E-02  4.693839226E-03 -7.490639091E-02  1.000000000E-02 
       228 -1.404816037E-02  4.697067003E-03 -7.490639091E-02  1.000000000E-02 
       229 -4.041188500E-03  4.697761998E-03 -7.490639091E-02  0.000000000E+00 
       230 -3.440342809E-03  4.715066607E-03 -7.490639091E-02  1.000000000E-02 
       231 -3.291332807E-03  4.723158249E-03 -7.490639091E-02  1.000000000E-02 
       232 -3.200845930E-03  4.735537259E-03 -7.490639091E-02  1.000000000E-02 
       233 -3.066811870E-03  4.739597297E-03 -7.490639091E-02  1.000000000E-02 
       234 -2.489621980E-03  4.762793416E-03 -7.490639091E-02  0.000000000E+00 
       235 -1.302111462E-02  4.781655258E-03 -7.490639091E-02  1.000000000E-02 
       236 -3.489601048E-03  4.794403832E-03 -7.490639091E-02  1.000000000E-02 
       237 -2.522107601E-03  4.809294004E-03 -7.490639091E-02  1.000000000E-02 
       238 -1.457521071E-02  4.809747551E-03 -7.490639091E-02  0.000000000E+00 
       239 -1.397162646E-02  4.810146813E-03 -7.490639091E-02  1.000000000E-02 
       240 -1.296106682E-02  4.854044394E-03 -7.490639091E-02  0.000000000E+00 
       241 -3.539229959E-03  4.860739253E-03 -7.490639091E-02  1.000000000E-02 
       242 -1.393626774E-02  4.861419621E-03 -7.490639091E-02  1.000000000E-02 
       243 -2.561102542E-03  4.865122805E-03 -7.490639091E-02  1.000000000E-02 
       244 -1.452018868E-02  4.887177411E-03 -7.490639091E-02  1.000000000E-02 
       245 -1.360745449E-02  4.913653066E-03 -7.490639091E-02  1.000000000E-02 
       246 -3.580239004E-03  4.915553053E-03 -7.490639091E-02  1.000000000E-02 
       247 -2.607913660E-03  4.932157306E-03 -7.490639091E-02  1.000000000E-02 
       248 -3.614174415E-03  4.960911937E-03 -7.490639091E-02  0.000000000E+00 
       249 -1.445421683E-02  4.980019705E-03 -7.490639091E-02  1.000000000E-02 
       250 -3.010110405E-03  5.009289708E-03 -7.490639091E-02  1.000000000E-02 
       251 -1.350862389E-02  5.011356942E-03 -7.490639091E-02  1.000000000E-02 
       252 -2.864164322E-03  5.012350551E-03 -7.490639091E-02  1.000000000E-02 
       253 -2.675532901E-03  5.031983258E-03 -7.490639091E-02  1.000000000E-02 
       254 -2.086194568E-03  5.043239459E-03 -7.490639091E-02  0.000000000E+00 
       255 -3.062899382E-03  5.086744969E-03 -7.490639091E-02  1.000000000E-02 
       256 -1.437513102E-02  5.091333501E-03 -7.490639091E-02  1.000000000E-02 
       257 -1.342736320E-02  5.091593199E-03 -7.490639091E-02  1.000000000E-02 
       258 -2.127300592E-03  5.099644909E-03 -7.490639091E-02  1.000000000E-02 
       259 -1.498077598E-02  5.101309392E-03 -7.490639091E-02  0.000000000E+00 
       260 -3.117493207E-03  5.149071414E-03 -7.490639091E-02  1.000000000E-02 
       261 -1.336040858E-02  5.157659829E-03 -7.490639091E-02  0.000000000E+00 
       262 -2.625884435E-03  5.166064357E-03 -7.490639091E-02  1.000000000E-02 
       263 -2.176640570E-03  5.167370678E-03 -7.490639091E-02  1.000000000E-02 
       264 -1.492377884E-02  5.177320853E-03 -7.490639091E-02  1.000000000E-02 
       265 -1.429859195E-02  5.199640459E-03 -7.490639091E-02  1.000000000E-02 
       266 -3.162579227E-03  5.200537103E-03 -7.490639091E-02  1.000000000E-02 
       267 -1.406516645E-02  5.209663674E-03 -7.490639091E-02  1.000000000E-02 
       268 -3.199871195E-03  5.243101553E-03 -7.490639091E-02  0.000000000E+00 
       269 -2.235867172E-03  5.248699839E-03 -7.490639091E-02  1.000000000E-02 
       270 -1.485556013E-02  5.268496335E-03 -7.490639091E-02  1.000000000E-02 
       271 -1.400645289E-02  5.273290547E-03 -7.490639091E-02  1.000000000E-02 
       272 -2.309770447E-03  5.319419035E-03 -7.490639091E-02  1.000000000E-02 
       273 -2.594625452E-03  5.326711990E-03 -7.490639091E-02  1.000000000E-02 
       274 -1.689316875E-03  5.330712099E-03 -7.490639091E-02  0.000000000E+00 
       275 -1.389766550E-02  5.360401628E-03 -7.490639091E-02  1.000000000E-02 
       276 -1.477382296E-02  5.377770765E-03 -7.490639091E-02  1.000000000E-02 
       277 -1.538132454E-02  5.399395996E-03 -7.490639091E-02  0.000000000E+00 
       278 -1.742618213E-03  5.401014585E-03 -7.490639091E-02  1.000000000E-02 
       279 -2.653171600E-03  5.402852154E-03 -7.490639091E-02  1.000000000E-02 
       280 -1.380831370E-02  5.431829274E-03 -7.490639091E-02  1.000000000E-02 
       281 -2.276118560E-03  5.452303881E-03 -7.490639091E-02  1.000000000E-02 
       282 -2.712674468E-03  5.460556294E-03 -7.490639091E-02  1.000000000E-02 
       283 -1.532201712E-02  5.473646694E-03 -7.490639091E-02  1.000000000E-02 
       284 -1.806579681E-03  5.485413354E-03 -7.490639091E-02  1.000000000E-02 
       285 -1.373475582E-02  5.490570441E-03 -7.490639091E-02  0.000000000E+00 
       286 -2.761757399E-03  5.508144582E-03 -7.490639091E-02  1.000000000E-02 
       287 -2.802316365E-03  5.547460984E-03 -7.490639091E-02  0.000000000E+00 
       288 -1.450835801E-02  5.551533615E-03 -7.490639091E-02  1.000000000E-02 
       289 -1.464211778E-02  5.558633814E-03 -7.490639091E-02  1.000000000E-02 
       290 -1.525122691E-02  5.562783248E-03 -7.490639091E-02  1.000000000E-02 
       291 -1.883331184E-03  5.586747298E-03 -7.490639091E-02  1.000000000E-02 
       292 -1.299830114E-03  5.626244414E-03 -7.490639091E-02  0.000000000E+00 
       293 -1.917803871E-03  5.626740360E-03 -7.490639091E-02  1.000000000E-02 
       294 -1.516647565E-02  5.669542254E-03 -7.490639091E-02  1.000000000E-02 
       295 -1.437093737E-02  5.669584544E-03 -7.490639091E-02  1.000000000E-02 
       296 -2.197498741E-03  5.675837369E-03 -7.490639091E-02  1.000000000E-02 
       297 -1.357827928E-03  5.699514497E-03 -7.490639091E-02  1.000000000E-02 
       298 -1.577602280E-02  5.705207012E-03 -7.490639091E-02  0.000000000E+00 
       299 -2.218083317E-03  5.717212829E-03 -7.490639091E-02  1.000000000E-02 
       300 -1.425275489E-02  5.744507076E-03 -7.490639091E-02  1.000000000E-02 
       301 -1.510354155E-02  5.753553526E-03 -7.490639091E-02  1.000000000E-02 
       302 -1.571401173E-02  5.777243684E-03 -7.490639091E-02  1.000000000E-02 
       303 -2.300692340E-03  5.781770090E-03 -7.490639091E-02  1.000000000E-02 
       304 -1.427407462E-03  5.787456426E-03 -7.490639091E-02  1.000000000E-02 
       305 -1.415584943E-02  5.805810223E-03 -7.490639091E-02  1.000000000E-02 
       306 -2.368844480E-03  5.834986231E-03 -7.490639091E-02  1.000000000E-02 
       307 -1.487004030E-02  5.836751337E-03 -7.490639091E-02  1.000000000E-02 
       308 -1.407618290E-02  5.856137960E-03 -7.490639091E-02  0.000000000E+00 
       309 -1.564014518E-02  5.863777972E-03 -7.490639091E-02  1.000000000E-02 
       310 -2.425164781E-03  5.878939249E-03 -7.490639091E-02  0.000000000E+00 
       311 -1.510870604E-03  5.893017482E-03 -7.490639091E-02  1.000000000E-02 
       312 -9.184597804E-04  5.930298833E-03 -7.490639091E-02  0.000000000E+00 
       313 -1.546525593E-02  5.952775004E-03 -7.490639091E-02  1.000000000E-02 
       314 -1.555179251E-02  5.967330754E-03 -7.490639091E-02  1.000000000E-02 
       315 -1.584228982E-03  5.987856783E-03 -7.490639091E-02  1.000000000E-02 
       316 -9.781619346E-04  6.002096731E-03 -7.490639091E-02  1.000000000E-02 
       317 -1.482823764E-02  6.016975497E-03 -7.490639091E-02  1.000000000E-02 
       318 -1.757384621E-03  6.018413206E-03 -7.490639091E-02  1.000000000E-02 
       319 -1.616334400E-02  6.020628464E-03 -7.490639091E-02  0.000000000E+00 
       320 -1.797676701E-03  6.061860920E-03 -7.490639091E-02  1.000000000E-02 
       321 -1.049766358E-03  6.088246910E-03 -7.490639091E-02  1.000000000E-02 
       322 -1.609830340E-02  6.089939462E-03 -7.490639091E-02  1.000000000E-02 
       323 -1.469252921E-02  6.108303529E-03 -7.490639091E-02  1.000000000E-02 
       324 -1.543672349E-02  6.118004550E-03 -7.490639091E-02  1.000000000E-02 
       325 -1.909190115E-03  6.132997950E-03 -7.490639091E-02  1.000000000E-02 
       326 -1.456541153E-02  6.168316620E-03 -7.490639091E-02  1.000000000E-02 
       327 -1.602081729E-02  6.173138328E-03 -7.490639091E-02  1.000000000E-02 
       328 -2.001005296E-03  6.191412551E-03 -7.490639091E-02  1.000000000E-02 
       329 -1.135626200E-03  6.191623516E-03 -7.490639091E-02  1.000000000E-02 
       330 -1.446138537E-02  6.217276871E-03 -7.490639091E-02  1.000000000E-02 
       331 -2.076754361E-03  6.239508927E-03 -7.490639091E-02  0.000000000E+00 
       332 -5.456059494E-04  6.242680800E-03 -7.490639091E-02  0.000000000E+00 
       333 -1.437600361E-02  6.257375637E-03 -7.490639091E-02  0.000000000E+00 
       334 -1.577242520E-02  6.272452975E-03 -7.490639091E-02  1.000000000E-02 
       335 -1.592821905E-02  6.272614391E-03 -7.490639091E-02  1.000000000E-02 
       336 -6.072995509E-04  6.312715638E-03 -7.490639091E-02  1.000000000E-02 
       337 -1.514317581E-02  6.319396267E-03 -7.490639091E-02  1.000000000E-02 
       338 -1.654045973E-02  6.348482653E-03 -7.490639091E-02  0.000000000E+00 
       339 -1.280665651E-03  6.369549094E-03 -7.490639091E-02  1.000000000E-02 
       340 -1.460571797E-03  6.373697725E-03 -7.490639091E-02  1.000000000E-02 
       341 -6.812752321E-04  6.396724580E-03 -7.490639091E-02  1.000000000E-02 
       342 -1.647210054E-02  6.414468473E-03 -7.490639091E-02  1.000000000E-02 
       343 -1.456268578E-03  6.480439371E-03 -7.490639091E-02  1.000000000E-02 
       344 -1.577125639E-02  6.484104957E-03 -7.490639091E-02  1.000000000E-02 
       345 -1.639055535E-02  6.493515314E-03 -7.490639091E-02  1.000000000E-02 
       346 -7.699502510E-04  6.497497249E-03 -7.490639091E-02  1.000000000E-02 
       347 -9.584315900E-04  6.510214755E-03 -7.490639091E-02  1.000000000E-02 
       348 -1.511418966E-02  6.513157134E-03 -7.490639091E-02  1.000000000E-02 
       349 -1.580868768E-03  6.541168735E-03 -7.490639091E-02  1.000000000E-02 
       350 -1.811219540E-04  6.562539717E-03 -7.490639091E-02  0.000000000E+00 
       351 -1.629319264E-02  6.587947674E-03 -7.490639091E-02  1.000000000E-02 
       352 -1.495703218E-02  6.589304836E-03 -7.490639091E-02  1.000000000E-02 
       353 -1.683209305E-03  6.590880757E-03 -7.490639091E-02  1.000000000E-02 
       354 -2.448803302E-04  6.630659447E-03 -7.490639091E-02  1.000000000E-02 
       355 -1.482253791E-02  6.631582033E-03 -7.490639091E-02  1.000000000E-02 
       356 -1.767473645E-03  6.631705393E-03 -7.490639091E-02  0.000000000E+00 
       357 -1.471266130E-02  6.665968383E-03 -7.490639091E-02  1.000000000E-02 
       358 -1.690317031E-02  6.691938397E-03 -7.490639091E-02  0.000000000E+00 
       359 -1.462260278E-02  6.694062089E-03 -7.490639091E-02  0.000000000E+00 
       360 -3.213206920E-04  6.712349918E-03 -7.490639091E-02  1.000000000E-02 
       361 -1.535727988E-02  6.723384631E-03 -7.490639091E-02  1.000000000E-02 
       362 -1.683113126E-02  6.753823730E-03 -7.490639091E-02  1.000000000E-02 
       363 -1.614103193E-02  6.759723966E-03 -7.490639091E-02  1.000000000E-02 
       364 -1.600012939E-02  6.760869118E-03 -7.490639091E-02  1.000000000E-02 
       365 -4.129311652E-04  6.810313955E-03 -7.490639091E-02  1.000000000E-02 
       366 -9.373279376E-04  6.827221691E-03 -7.490639091E-02  1.000000000E-02 
       367 -1.674518172E-02  6.827834730E-03 -7.490639091E-02  1.000000000E-02 
       368  1.757033707E-04  6.888616287E-03 -7.490639091E-02  0.000000000E+00 
       369 -4.907336980E-04  6.897780644E-03 -7.490639091E-02  1.000000000E-02 
       370 -1.024870737E-03  6.910866673E-03 -7.490639091E-02  1.000000000E-02 
       371 -1.664266046E-02  6.916167237E-03 -7.490639091E-02  1.000000000E-02 
       372 -1.646552806E-02  6.918954751E-03 -7.490639091E-02  1.000000000E-02 
       373 -1.181873229E-03  6.947053022E-03 -7.490639091E-02  1.000000000E-02 
       374  1.098032103E-04  6.954690995E-03 -7.490639091E-02  1.000000000E-02 
       375 -1.536872603E-02  6.983046994E-03 -7.490639091E-02  1.000000000E-02 
       376 -1.313477068E-03  6.991687488E-03 -7.490639091E-02  1.000000000E-02 
       377 -1.421384858E-03  7.028101570E-03 -7.490639091E-02  1.000000000E-02 
       378  3.081530627E-05  7.033896002E-03 -7.490639091E-02  1.000000000E-02 
       379 -1.724690176E-02  7.054133492E-03 -7.490639091E-02  0.000000000E+00 
       380 -4.915448250E-04  7.055677705E-03 -7.490639091E-02  1.000000000E-02 
       381 -1.510108046E-03  7.057920967E-03 -7.490639091E-02  0.000000000E+00 
       382 -1.529135794E-02  7.062650887E-03 -7.490639091E-02  1.000000000E-02 
       383 -1.579638915E-02  7.101160577E-03 -7.490639091E-02  1.000000000E-02 
       384 -1.514551637E-02  7.105418225E-03 -7.490639091E-02  1.000000000E-02 
       385 -1.717079721E-02  7.110919431E-03 -7.490639091E-02  1.000000000E-02 
       386 -1.500629827E-02  7.128008901E-03 -7.490639091E-02  1.000000000E-02 
       387 -6.381644082E-05  7.128835222E-03 -7.490639091E-02  1.000000000E-02 
       388 -1.489270442E-02  7.146316832E-03 -7.490639091E-02  1.000000000E-02 
       389 -1.479969552E-02  7.161231963E-03 -7.490639091E-02  0.000000000E+00 
       390 -1.708003999E-02  7.178722230E-03 -7.490639091E-02  1.000000000E-02 
       391  5.259448759E-04  7.219902883E-03 -7.490639091E-02  0.000000000E+00 
       392 -7.943100135E-04  7.232189960E-03 -7.490639091E-02  1.000000000E-02 
       393 -1.697190615E-02  7.259543305E-03 -7.490639091E-02  1.000000000E-02 
       394 -1.646896799E-02  7.274703669E-03 -7.490639091E-02  1.000000000E-02 
       395  4.576786255E-04  7.283603311E-03 -7.490639091E-02  1.000000000E-02 
       396 -2.154904253E-04  7.292971032E-03 -7.490639091E-02  1.000000000E-02 
       397 -1.585642235E-02  7.295691748E-03 -7.490639091E-02  1.000000000E-02 
       398  3.758902827E-04  7.359907640E-03 -7.490639091E-02  1.000000000E-02 
       399 -8.382050849E-04  7.404452003E-03 -7.490639091E-02  1.000000000E-02 
       400 -1.756660672E-02  7.437494218E-03 -7.490639091E-02  0.000000000E+00 
       401 -1.614441005E-02  7.451085724E-03 -7.490639091E-02  1.000000000E-02 
       402 -9.792567311E-04  7.451139994E-03 -7.490639091E-02  1.000000000E-02 
       403  2.779563448E-04  7.451295683E-03 -7.490639091E-02  1.000000000E-02 
       404 -1.675238604E-02  7.460344098E-03 -7.490639091E-02  1.000000000E-02 
       405 -1.116198263E-03  7.477321185E-03 -7.490639091E-02  1.000000000E-02 
       406 -1.748611391E-02  7.487919427E-03 -7.490639091E-02  1.000000000E-02 
       407 -1.228280900E-03  7.498594113E-03 -7.490639091E-02  1.000000000E-02 
       408 -1.320299351E-03  7.515953516E-03 -7.490639091E-02  0.000000000E+00 
       409 -1.739020678E-02  7.548027823E-03 -7.490639091E-02  1.000000000E-02 
       410 -1.450114968E-04  7.549523435E-03 -7.490639091E-02  1.000000000E-02 
       411 -1.527333820E-02  7.549920272E-03 -7.490639091E-02  1.000000000E-02 
       412  8.703196802E-04  7.556342461E-03 -7.490639091E-02  0.000000000E+00 
       413  1.502393973E-04  7.586113284E-03 -7.490639091E-02  1.000000000E-02 
       414 -6.206554718E-04  7.606502218E-03 -7.490639091E-02  1.000000000E-02 
       415  7.994314298E-04  7.617168146E-03 -7.490639091E-02  1.000000000E-02 
       416 -1.727608118E-02  7.619565098E-03 -7.490639091E-02  1.000000000E-02 
       417 -1.546885263E-02  7.633663533E-03 -7.490639091E-02  1.000000000E-02 
       418 -1.523283933E-02  7.645693123E-03 -7.490639091E-02  1.000000000E-02 
       419 -1.509195401E-02  7.647048914E-03 -7.490639091E-02  1.000000000E-02 
       420 -1.497710148E-02  7.648109145E-03 -7.490639091E-02  1.000000000E-02 
       421 -1.488313349E-02  7.648951834E-03 -7.490639091E-02  0.000000000E+00 
       422 -1.681563379E-02  7.652457310E-03 -7.490639091E-02  1.000000000E-02 
       423  7.145571066E-04  7.689951641E-03 -7.490639091E-02  1.000000000E-02 
       424 -1.709660937E-02  7.763295107E-03 -7.490639091E-02  1.000000000E-02 
       425  6.130080777E-04  7.777016820E-03 -7.490639091E-02  1.000000000E-02 
       426 -1.785672178E-02  7.842972552E-03 -7.490639091E-02  0.000000000E+00 
       427 -1.777167108E-02  7.885556435E-03 -7.490639091E-02  1.000000000E-02 
       428  1.207997615E-03  7.898966366E-03 -7.490639091E-02  0.000000000E+00 
       429  3.411999691E-04  7.900078820E-03 -7.490639091E-02  1.000000000E-02 
       430 -1.560652879E-02  7.908853812E-03 -7.490639091E-02  1.000000000E-02 
       431 -1.611496800E-02  7.910726085E-03 -7.490639091E-02  1.000000000E-02 
       432  4.672944237E-04  7.926794667E-03 -7.490639091E-02  1.000000000E-02 
       433 -1.767044605E-02  7.936223639E-03 -7.490639091E-02  1.000000000E-02 
       434 -1.658599496E-02  7.950656090E-03 -7.490639091E-02  1.000000000E-02 
       435  1.134197523E-03  7.956228744E-03 -7.490639091E-02  1.000000000E-02 
       436 -6.903581913E-04  7.960521446E-03 -7.490639091E-02  1.000000000E-02 
       437 -8.659789073E-04  7.983459337E-03 -7.490639091E-02  1.000000000E-02 
       438 -1.005667432E-03  7.989457608E-03 -7.490639091E-02  1.000000000E-02 
       439 -1.119827916E-03  7.994244726E-03 -7.490639091E-02  1.000000000E-02 
       440 -1.755015467E-02  7.996398837E-03 -7.490639091E-02  1.000000000E-02 
       441 -1.213435336E-03  7.998088420E-03 -7.490639091E-02  0.000000000E+00 
       442  1.045913976E-03  8.024642708E-03 -7.490639091E-02  1.000000000E-02 
       443 -1.626059530E-02  8.078560972E-03 -7.490639091E-02  1.000000000E-02 
       444 -2.134784593E-04  8.080620201E-03 -7.490639091E-02  1.000000000E-02 
       445  9.403953319E-04  8.106335359E-03 -7.490639091E-02  1.000000000E-02 
       446 -1.724783563E-02  8.121615619E-03 -7.490639091E-02  1.000000000E-02 
       447 -5.077615753E-04  8.136509159E-03 -7.490639091E-02  1.000000000E-02 
       448 -1.485423201E-02  8.141035416E-03 -7.490639091E-02  0.000000000E+00 
       449 -1.494696680E-02  8.154414519E-03 -7.490639091E-02  1.000000000E-02 
       450 -1.752269798E-02  8.168030861E-03 -7.490639091E-02  1.000000000E-02 
       451 -1.506033810E-02  8.170813537E-03 -7.490639091E-02  1.000000000E-02 
       452 -1.519943703E-02  8.190993928E-03 -7.490639091E-02  1.000000000E-02 
       453 -1.717463708E-05  8.199134616E-03 -7.490639091E-02  1.000000000E-02 
       454 -1.545357472E-02  8.236835368E-03 -7.490639091E-02  1.000000000E-02 
       455  1.536652510E-03  8.249934293E-03 -7.490639091E-02  0.000000000E+00 
       456 -1.670414385E-02  8.258221713E-03 -7.490639091E-02  1.000000000E-02 
       457  9.432778152E-04  8.260990162E-03 -7.490639091E-02  1.000000000E-02 
       458  6.609934212E-04  8.263720556E-03 -7.490639091E-02  1.000000000E-02 
       459 -1.811179432E-02  8.270558729E-03 -7.490639091E-02  0.000000000E+00 
       460  1.459645521E-03  8.302730470E-03 -7.490639091E-02  1.000000000E-02 
       461 -1.802226220E-02  8.303634948E-03 -7.490639091E-02  1.000000000E-02 
       462 -1.611033483E-02  8.335314595E-03 -7.490639091E-02  1.000000000E-02 
       463 -1.791584600E-02  8.342920392E-03 -7.490639091E-02  1.000000000E-02 
       464 -1.698138014E-02  8.363311248E-03 -7.490639091E-02  1.000000000E-02 
       465  1.367653919E-03  8.365665379E-03 -7.490639091E-02  1.000000000E-02 
       466 -1.778957005E-02  8.389451101E-03 -7.490639091E-02  1.000000000E-02 
       467 -1.552979958E-02  8.426532590E-03 -7.490639091E-02  1.000000000E-02 
       468  1.257883355E-03  8.440616912E-03 -7.490639091E-02  1.000000000E-02 
       469  7.202981391E-05  8.472091765E-03 -7.490639091E-02  1.000000000E-02 
       470 -1.761408113E-02  8.489041308E-03 -7.490639091E-02  1.000000000E-02 
       471 -1.204318478E-03  8.489518068E-03 -7.490639091E-02  0.000000000E+00 
       472 -1.111060033E-03  8.500032212E-03 -7.490639091E-02  1.000000000E-02 
       473 -1.641222134E-02  8.506223458E-03 -7.490639091E-02  1.000000000E-02 
       474 -9.972414440E-04  8.512824114E-03 -7.490639091E-02  1.000000000E-02 
       475 -8.578503587E-04  8.528444434E-03 -7.490639091E-02  1.000000000E-02 
       476 -1.581860034E-02  8.546597813E-03 -7.490639091E-02  1.000000000E-02 
       477 -6.213268875E-04  8.549042706E-03 -7.490639091E-02  1.000000000E-02 
       478  4.213838910E-04  8.557045805E-03 -7.490639091E-02  1.000000000E-02 
       479  1.101366642E-03  8.588769464E-03 -7.490639091E-02  1.000000000E-02 
       480  1.852255639E-03  8.612317463E-03 -7.490639091E-02  0.000000000E+00 
       481 -1.471340615E-02  8.614664343E-03 -7.490639091E-02  0.000000000E+00 
       482 -1.480298082E-02  8.641818315E-03 -7.490639091E-02  1.000000000E-02 
       483  1.771472489E-03  8.659039879E-03 -7.490639091E-02  1.000000000E-02 
       484 -1.491244381E-02  8.675106718E-03 -7.490639091E-02  1.000000000E-02 
       485  1.096985021E-03  8.686827751E-03 -7.490639091E-02  1.000000000E-02 
       486 -1.644169841E-02  8.689400451E-03 -7.490639091E-02  1.000000000E-02 
       487 -1.702643714E-02  8.692171205E-03 -7.490639091E-02  1.000000000E-02 
       488 -5.142305797E-04  8.709275874E-03 -7.490639091E-02  1.000000000E-02 
       489  1.675120421E-03  8.714538298E-03 -7.490639091E-02  1.000000000E-02 
       490 -1.504667759E-02  8.716088932E-03 -7.490639091E-02  1.000000000E-02 
       491 -1.832709930E-02  8.718682507E-03 -7.490639091E-02  0.000000000E+00 
       492 -1.823365223E-02  8.740580254E-03 -7.490639091E-02  1.000000000E-02 
       493 -1.756163667E-02  8.759369972E-03 -7.490639091E-02  1.000000000E-02 
       494 -1.812273817E-02  8.766560680E-03 -7.490639091E-02  1.000000000E-02 
       495 -2.060012456E-04  8.776690165E-03 -7.490639091E-02  1.000000000E-02 
       496  1.560355136E-03  8.780358267E-03 -7.490639091E-02  1.000000000E-02 
       497 -1.523220402E-02  8.795191729E-03 -7.490639091E-02  1.000000000E-02 
       498 -1.799132117E-02  8.797189672E-03 -7.490639091E-02  1.000000000E-02 
       499 -1.589755924E-02  8.842007198E-03 -7.490639091E-02  1.000000000E-02 
       500 -1.672387204E-02  8.852466034E-03 -7.490639091E-02  1.000000000E-02 
       501  5.392822170E-04  8.856646894E-03 -7.490639091E-02  1.000000000E-02 
       502  1.575176146E-03  8.873277348E-03 -7.490639091E-02  1.000000000E-02 
       503 -1.731194664E-02  8.875234239E-03 -7.490639091E-02  1.000000000E-02 
       504 -1.779870566E-02  8.885247984E-03 -7.490639091E-02  1.000000000E-02 
       505  1.362115237E-03  8.903380761E-03 -7.490639091E-02  1.000000000E-02 
       506  7.682380548E-04  8.915897615E-03 -7.490639091E-02  1.000000000E-02 
       507 -1.617573863E-02  8.932825868E-03 -7.490639091E-02  1.000000000E-02 
       508 -1.297329296E-03  8.972463796E-03 -7.490639091E-02  0.000000000E+00 
       509  2.149127836E-03  8.991008340E-03 -7.490639091E-02  0.000000000E+00 
       510 -1.206566159E-03  8.997068075E-03 -7.490639091E-02  1.000000000E-02 
       511 -1.095792471E-03  9.027115843E-03 -7.490639091E-02  1.000000000E-02 
       512  2.064397878E-03  9.030202647E-03 -7.490639091E-02  1.000000000E-02 
       513 -1.529931179E-02  9.047321829E-03 -7.490639091E-02  1.000000000E-02 
       514 -1.448050616E-02  9.055268218E-03 -7.490639091E-02  0.000000000E+00 
       515 -9.601338917E-04  9.063961724E-03 -7.490639091E-02  1.000000000E-02 
       516  1.963521617E-03  9.076566533E-03 -7.490639091E-02  1.000000000E-02 
       517 -1.456545989E-02  9.095129743E-03 -7.490639091E-02  1.000000000E-02 
       518 -6.686693346E-05  9.107773357E-03 -7.490639091E-02  1.000000000E-02 
       519 -7.716073031E-04  9.120523809E-03 -7.490639091E-02  1.000000000E-02 
       520  1.843616405E-03  9.131283904E-03 -7.490639091E-02  1.000000000E-02 
       521 -1.798989325E-02  9.140293648E-03 -7.490639091E-02  1.000000000E-02 
       522 -1.466917675E-02  9.143921598E-03 -7.490639091E-02  1.000000000E-02 
       523 -1.563224631E-02  9.162100979E-03 -7.490639091E-02  1.000000000E-02 
       524  2.567900522E-04  9.182310859E-03 -7.490639091E-02  1.000000000E-02 
       525 -1.849783797E-02  9.184960669E-03 -7.490639091E-02  0.000000000E+00 
       526 -1.840171310E-02  9.194020472E-03 -7.490639091E-02  1.000000000E-02 
       527 -1.479621958E-02  9.203886131E-03 -7.490639091E-02  1.000000000E-02 
       528 -1.828777206E-02  9.204843195E-03 -7.490639091E-02  1.000000000E-02 
       529  1.748548862E-03  9.208099838E-03 -7.490639091E-02  1.000000000E-02 
       530 -1.667654206E-02  9.213807405E-03 -7.490639091E-02  1.000000000E-02 
       531 -1.815297447E-02  9.217435882E-03 -7.490639091E-02  1.000000000E-02 
       532 -1.629364405E-02  9.237913691E-03 -7.490639091E-02  1.000000000E-02 
       533  1.231776330E-03  9.246412660E-03 -7.490639091E-02  1.000000000E-02 
       534 -1.725692338E-02  9.256843255E-03 -7.490639091E-02  1.000000000E-02 
       535  9.197165281E-04  9.264869203E-03 -7.490639091E-02  1.000000000E-02 
       536 -6.885736909E-04  9.322831727E-03 -7.490639091E-02  1.000000000E-02 
       537 -1.500348279E-02  9.336727419E-03 -7.490639091E-02  1.000000000E-02 
       538 -1.570601515E-02  9.344468805E-03 -7.490639091E-02  1.000000000E-02 
       539  1.705618263E-03  9.352531615E-03 -7.490639091E-02  1.000000000E-02 
       540 -1.684262304E-02  9.387014844E-03 -7.490639091E-02  1.000000000E-02 
       541  2.418545858E-03  9.391150626E-03 -7.490639091E-02  0.000000000E+00 
       542  2.330157263E-03  9.421265945E-03 -7.490639091E-02  1.000000000E-02 
       543 -1.617295290E-02  9.421497121E-03 -7.490639091E-02  1.000000000E-02 
       544 -3.338955696E-04  9.426197758E-03 -7.490639091E-02  1.000000000E-02 
       545 -1.486184979E-03  9.426677821E-03 -7.490639091E-02  0.000000000E+00 
       546 -1.784626586E-02  9.432571269E-03 -7.490639091E-02  1.000000000E-02 
       547 -1.418112906E-02  9.455485934E-03 -7.490639091E-02  0.000000000E+00 
       548  2.225121830E-03  9.456648048E-03 -7.490639091E-02  1.000000000E-02 
       549  1.412826605E-03  9.457870607E-03 -7.490639091E-02  1.000000000E-02 
       550 -1.399910841E-03  9.464641260E-03 -7.490639091E-02  1.000000000E-02 
       551 -1.747868418E-02  9.481655067E-03 -7.490639091E-02  1.000000000E-02 
       552  2.100540470E-03  9.498062762E-03 -7.490639091E-02  1.000000000E-02 
       553 -1.426039442E-02  9.506544884E-03 -7.490639091E-02  1.000000000E-02 
       554 -1.294681910E-03  9.511031355E-03 -7.490639091E-02  1.000000000E-02 
       555 -1.501236055E-02  9.536474950E-03 -7.490639091E-02  1.000000000E-02 
       556  4.100173683E-04  9.547346654E-03 -7.490639091E-02  1.000000000E-02 
       557 -1.165914411E-03  9.567949979E-03 -7.490639091E-02  1.000000000E-02 
       558 -1.435704654E-02  9.568924868E-03 -7.490639091E-02  1.000000000E-02 
       559  7.409347633E-04  9.580929582E-03 -7.490639091E-02  1.000000000E-02 
       560  1.947394234E-03  9.601079577E-03 -7.490639091E-02  1.000000000E-02 
       561 -1.679007597E-02  9.639853447E-03 -7.490639091E-02  1.000000000E-02 
       562 -1.798444592E-02  9.641388718E-03 -7.490639091E-02  1.000000000E-02 
       563 -1.447526146E-02  9.645420593E-03 -7.490639091E-02  1.000000000E-02 
       564 -1.559055097E-02  9.647275743E-03 -7.490639091E-02  1.000000000E-02 
       565 -1.826714324E-02  9.649907404E-03 -7.490639091E-02  1.000000000E-02 
       566 -1.840248875E-02  9.657107720E-03 -7.490639091E-02  1.000000000E-02 
       567 -1.851706553E-02  9.662997536E-03 -7.490639091E-02  1.000000000E-02 
       568 -1.861380746E-02  9.668218832E-03 -7.490639091E-02  0.000000000E+00 
       569 -9.633460075E-04  9.677423310E-03 -7.490639091E-02  1.000000000E-02 
       570  1.350108994E-03  9.712386467E-03 -7.490639091E-02  1.000000000E-02 
       571 -1.825101142E-02  9.715022347E-03 -7.490639091E-02  1.000000000E-02 
       572 -1.624994083E-02  9.737914761E-03 -7.490639091E-02  1.000000000E-02 
       573 -2.367145144E-04  9.738644951E-03 -7.490639091E-02  1.000000000E-02 
       574 -1.526135357E-02  9.754713693E-03 -7.490639091E-02  1.000000000E-02 
       575 -1.462240329E-02  9.773396834E-03 -7.490639091E-02  1.000000000E-02 
       576  1.928398109E-03  9.778636034E-03 -7.490639091E-02  1.000000000E-02 
       577 -1.383143504E-02  9.813526486E-03 -7.490639091E-02  0.000000000E+00 
       578  2.645616601E-03  9.819335083E-03 -7.490639091E-02  0.000000000E+00 
       579 -1.642709076E-02  9.826558486E-03 -7.490639091E-02  1.000000000E-02 
       580  2.554009174E-03  9.838510902E-03 -7.490639091E-02  1.000000000E-02 
       581 -1.758933085E-03  9.839080363E-03 -7.490639091E-02  0.000000000E+00 
       582  9.341048304E-04  9.839470520E-03 -7.490639091E-02  1.000000000E-02 
       583  1.527989428E-04  9.849903427E-03 -7.490639091E-02  1.000000000E-02 
       584  2.445381352E-03  9.860788796E-03 -7.490639091E-02  1.000000000E-02 
       585 -9.230023520E-04  9.864608569E-03 -7.490639091E-02  1.000000000E-02 
       586 -1.390434381E-02  9.873931971E-03 -7.490639091E-02  1.000000000E-02 
       587  2.316861546E-03  9.886502207E-03 -7.490639091E-02  1.000000000E-02 
       588 -1.678756107E-03  9.888917235E-03 -7.490639091E-02  1.000000000E-02 
       589 -1.735324324E-02  9.903839866E-03 -7.490639091E-02  1.000000000E-02 
       590  1.583727835E-03  9.937857354E-03 -7.490639091E-02  1.000000000E-02 
       591 -1.399314598E-02  9.947619692E-03 -7.490639091E-02  1.000000000E-02 
       592 -1.588252440E-02  9.949316927E-03 -7.490639091E-02  1.000000000E-02 
       593 -1.581061249E-03  9.949777377E-03 -7.490639091E-02  1.000000000E-02 
       594 -1.709816585E-02  9.962611903E-03 -7.490639091E-02  1.000000000E-02 
       595 -4.694435301E-04  9.972748774E-03 -7.490639091E-02  1.000000000E-02 
       596  2.143700355E-03  9.973120746E-03 -7.490639091E-02  1.000000000E-02 
       597 -1.460454842E-02  1.000971585E-02 -7.490639091E-02  1.000000000E-02 
       598 -1.461659640E-03  1.002438754E-02 -7.490639091E-02  1.000000000E-02 
       599 -1.782119778E-02  1.003142301E-02 -7.490639091E-02  1.000000000E-02 
       600 -1.410161460E-02  1.003782231E-02 -7.490639091E-02  1.000000000E-02 
       601 -1.522544288E-02  1.007385720E-02 -7.490639091E-02  1.000000000E-02 
       602 -1.831304097E-02  1.009251760E-02 -7.490639091E-02  1.000000000E-02 
       603 -1.825512056E-02  1.009635608E-02 -7.490639091E-02  1.000000000E-02 
       604 -1.758781368E-02  1.010804706E-02 -7.490639091E-02  1.000000000E-02 
       605  8.933618911E-04  1.010882321E-02 -7.490639091E-02  1.000000000E-02 
       606 -1.844552172E-02  1.012062245E-02 -7.490639091E-02  1.000000000E-02 
       607 -1.585235064E-02  1.012097707E-02 -7.490639091E-02  1.000000000E-02 
       608 -1.344360921E-02  1.013180518E-02 -7.490639091E-02  0.000000000E+00 
       609 -1.855785323E-02  1.014429584E-02 -7.490639091E-02  1.000000000E-02 
       610 -1.111482922E-03  1.014693944E-02 -7.490639091E-02  1.000000000E-02 
       611 -1.865263315E-02  1.016486639E-02 -7.490639091E-02  0.000000000E+00 
       612  2.416154727E-04  1.017786214E-02 -7.490639091E-02  1.000000000E-02 
       613 -1.265357504E-03  1.018099775E-02 -7.490639091E-02  1.000000000E-02 
       614 -1.423841255E-02  1.018965744E-02 -7.490639091E-02  1.000000000E-02 
       615 -1.809709016E-02  1.019316812E-02 -7.490639091E-02  1.000000000E-02 
       616  1.558989526E-03  1.019977837E-02 -7.490639091E-02  1.000000000E-02 
       617 -1.350943302E-02  1.020019650E-02 -7.490639091E-02  1.000000000E-02 
       618 -2.095951223E-03  1.020500044E-02 -7.490639091E-02  0.000000000E+00 
       619  2.138786487E-03  1.022105273E-02 -7.490639091E-02  1.000000000E-02 
       620 -1.650406686E-02  1.022699354E-02 -7.490639091E-02  1.000000000E-02 
       621 -1.487289156E-02  1.024722680E-02 -7.490639091E-02  1.000000000E-02 
       622 -2.022864936E-03  1.026498370E-02 -7.490639091E-02  1.000000000E-02 
       623 -1.693524039E-02  1.026578223E-02 -7.490639091E-02  1.000000000E-02 
       624 -1.545375666E-02  1.026687825E-02 -7.490639091E-02  1.000000000E-02 
       625  2.807260045E-03  1.027881863E-02 -7.490639091E-02  0.000000000E+00 
       626 -1.358954761E-02  1.028353437E-02 -7.490639091E-02  1.000000000E-02 
       627  2.713810746E-03  1.028554527E-02 -7.490639091E-02  1.000000000E-02 
       628  2.603247366E-03  1.029299205E-02 -7.490639091E-02  1.000000000E-02 
       629  2.472789750E-03  1.030104677E-02 -7.490639091E-02  1.000000000E-02 
       630  5.637126974E-04  1.031472859E-02 -7.490639091E-02  1.000000000E-02 
       631 -1.933904211E-03  1.033815625E-02 -7.490639091E-02  1.000000000E-02 
       632  2.308795630E-03  1.035016376E-02 -7.490639091E-02  1.000000000E-02 
       633  1.242074764E-03  1.037212213E-02 -7.490639091E-02  1.000000000E-02 
       634  1.817494107E-03  1.038094424E-02 -7.490639091E-02  1.000000000E-02 
       635 -1.368731673E-02  1.038541631E-02 -7.490639091E-02  1.000000000E-02 
       636 -1.419563239E-02  1.041196531E-02 -7.490639091E-02  1.000000000E-02 
       637 -1.302771621E-02  1.041352110E-02 -7.490639091E-02  0.000000000E+00 
       638 -1.825319736E-03  1.042774088E-02 -7.490639091E-02  1.000000000E-02 
       639 -4.051325769E-04  1.043065080E-02 -7.490639091E-02  1.000000000E-02 
       640 -1.608581399E-02  1.044017154E-02 -7.490639091E-02  1.000000000E-02 
       641 -1.756444522E-02  1.045161674E-02 -7.490639091E-02  1.000000000E-02 
       642 -1.631391402E-02  1.045292961E-02 -7.490639091E-02  1.000000000E-02 
       643 -1.808785544E-02  1.048394890E-02 -7.490639091E-02  1.000000000E-02 
       644 -1.308598606E-02  1.048865905E-02 -7.490639091E-02  1.000000000E-02 
       645 -2.478705009E-03  1.052514600E-02 -7.490639091E-02  0.000000000E+00 
       646 -1.825346482E-02  1.053030899E-02 -7.490639091E-02  1.000000000E-02 
       647 -1.552340064E-04  1.053320775E-02 -7.490639091E-02  1.000000000E-02 
       648 -1.705445834E-02  1.054171620E-02 -7.490639091E-02  1.000000000E-02 
       649 -1.381289771E-02  1.055602777E-02 -7.490639091E-02  1.000000000E-02 
       650 -1.484017412E-02  1.057322404E-02 -7.490639091E-02  1.000000000E-02 
       651 -7.496891331E-04  1.057694794E-02 -7.490639091E-02  1.000000000E-02 
       652 -1.544346409E-02  1.057945029E-02 -7.490639091E-02  1.000000000E-02 
       653 -1.837971155E-02  1.057968510E-02 -7.490639091E-02  1.000000000E-02 
       654 -1.315686536E-02  1.058011702E-02 -7.490639091E-02  1.000000000E-02 
       655 -2.413294259E-03  1.059358805E-02 -7.490639091E-02  1.000000000E-02 
       656 -1.736061645E-02  1.060395643E-02 -7.490639091E-02  1.000000000E-02 
       657 -1.791784548E-02  1.060721820E-02 -7.490639091E-02  1.000000000E-02 
       658 -1.848686379E-02  1.062157372E-02 -7.490639091E-02  1.000000000E-02 
       659 -1.834512305E-03  1.062572778E-02 -7.490639091E-02  1.000000000E-02 
       660  2.311574655E-03  1.063107481E-02 -7.490639091E-02  1.000000000E-02 
       661 -1.530025810E-03  1.063697608E-02 -7.490639091E-02  1.000000000E-02 
       662 -1.857707375E-02  1.065804667E-02 -7.490639091E-02  0.000000000E+00 
       663 -1.259059161E-02  1.066040157E-02 -7.490639091E-02  0.000000000E+00 
       664 -2.333753872E-03  1.067698272E-02 -7.490639091E-02  1.000000000E-02 
       665  1.227145448E-03  1.068211025E-02 -7.490639091E-02  1.000000000E-02 
       666 -1.324329968E-02  1.069177737E-02 -7.490639091E-02  1.000000000E-02 
       667  1.823814510E-03  1.070972250E-02 -7.490639091E-02  1.000000000E-02 
       668  2.538581790E-03  1.073596373E-02 -7.490639091E-02  1.000000000E-02 
       669 -1.449101430E-02  1.073658835E-02 -7.490639091E-02  1.000000000E-02 
       670  2.471094959E-03  1.073931818E-02 -7.490639091E-02  1.000000000E-02 
       671 -1.264140757E-02  1.074087428E-02 -7.490639091E-02  1.000000000E-02 
       672 -1.582038115E-02  1.074364969E-02 -7.490639091E-02  1.000000000E-02 
       673  6.182714447E-04  1.074432172E-02 -7.490639091E-02  1.000000000E-02 
       674  2.668441121E-03  1.074756337E-02 -7.490639091E-02  1.000000000E-02 
       675  2.778805222E-03  1.075679008E-02 -7.490639091E-02  1.000000000E-02 
       676 -8.311837794E-04  1.075841813E-02 -7.490639091E-02  1.000000000E-02 
       677  2.872298228E-03  1.076417898E-02 -7.490639091E-02  0.000000000E+00 
       678 -1.374522471E-02  1.077167155E-02 -7.490639091E-02  1.000000000E-02 
       679 -2.236786041E-03  1.077893516E-02 -7.490639091E-02  1.000000000E-02 
       680 -1.515758992E-02  1.078492041E-02 -7.490639091E-02  1.000000000E-02 
       681 -1.649139237E-02  1.079225719E-02 -7.490639091E-02  1.000000000E-02 
       682  2.021234992E-03  1.079278137E-02 -7.490639091E-02  1.000000000E-02 
       683 -2.038762063E-03  1.080088087E-02 -7.490639091E-02  1.000000000E-02 
       684 -2.894277478E-03  1.080328195E-02 -7.490639091E-02  0.000000000E+00 
       685 -1.684142399E-02  1.080438855E-02 -7.490639091E-02  1.000000000E-02 
       686 -1.793161025E-02  1.082973921E-02 -7.490639091E-02  1.000000000E-02 
       687 -1.270315935E-02  1.083869428E-02 -7.490639091E-02  1.000000000E-02 
       688 -1.330567195E-03  1.084795214E-02 -7.490639091E-02  1.000000000E-02 
       689  9.732377417E-04  1.086118638E-02 -7.490639091E-02  1.000000000E-02 
       690  1.582608039E-03  1.086495735E-02 -7.490639091E-02  1.000000000E-02 
       691 -1.213679676E-02  1.087398858E-02 -7.490639091E-02  0.000000000E+00 
       692 -3.732355408E-05  1.087435215E-02 -7.490639091E-02  1.000000000E-02 
       693 -1.335540891E-02  1.087490449E-02 -7.490639091E-02  1.000000000E-02 
       694 -2.836734014E-03  1.087858660E-02 -7.490639091E-02  1.000000000E-02 
       695 -1.805877023E-02  1.092478755E-02 -7.490639091E-02  1.000000000E-02 
       696  3.700521145E-04  1.095184676E-02 -7.490639091E-02  1.000000000E-02 
       697 -1.277837079E-02  1.095792895E-02 -7.490639091E-02  1.000000000E-02 
       698 -1.218086582E-02  1.095839324E-02 -7.490639091E-02  1.000000000E-02 
       699 -2.766823826E-03  1.097024175E-02 -7.490639091E-02  1.000000000E-02 
       700 -1.442494350E-02  1.097292323E-02 -7.490639091E-02  1.000000000E-02 
       701 -1.585011975E-02  1.098174828E-02 -7.490639091E-02  1.000000000E-02 
       702 -1.817521447E-02  1.099478526E-02 -7.490639091E-02  1.000000000E-02 
       703 -1.637478115E-02  1.101511002E-02 -7.490639091E-02  1.000000000E-02 
       704 -3.333712001E-03  1.104210631E-02 -7.490639091E-02  0.000000000E+00 
       705 -1.745335714E-02  1.104405882E-02 -7.490639091E-02  1.000000000E-02 
       706 -1.827395943E-02  1.105433756E-02 -7.490639091E-02  1.000000000E-02 
       707 -1.518376205E-02  1.105670951E-02 -7.490639091E-02  1.000000000E-02 
       708 -1.167021995E-02  1.105687884E-02 -7.490639091E-02  0.000000000E+00 
       709 -1.694669117E-02  1.105783890E-02 -7.490639091E-02  1.000000000E-02 
       710 -1.223435646E-02  1.106084464E-02 -7.490639091E-02  1.000000000E-02 
       711 -1.762943964E-02  1.107514681E-02 -7.490639091E-02  1.000000000E-02 
       712 -2.681693500E-03  1.108213937E-02 -7.490639091E-02  1.000000000E-02 
       713 -1.397342292E-02  1.108397303E-02 -7.490639091E-02  1.000000000E-02 
       714 -1.981168267E-04  1.110100255E-02 -7.490639091E-02  1.000000000E-02 
       715 -1.835663031E-02  1.110625374E-02 -7.490639091E-02  0.000000000E+00 
       716  1.584368004E-03  1.110825257E-02 -7.490639091E-02  1.000000000E-02 
       717 -1.611267446E-02  1.110877396E-02 -7.490639091E-02  1.000000000E-02 
       718 -6.800038944E-04  1.111530924E-02 -7.490639091E-02  1.000000000E-02 
       719  2.352885135E-03  1.112229892E-02 -7.490639091E-02  1.000000000E-02 
       720 -3.284029925E-03  1.112289243E-02 -7.490639091E-02  1.000000000E-02 
       721 -1.323758674E-02  1.114232058E-02 -7.490639091E-02  1.000000000E-02 
       722 -1.170836718E-02  1.114410521E-02 -7.490639091E-02  1.000000000E-02 
       723 -2.074387046E-03  1.115085190E-02 -7.490639091E-02  1.000000000E-02 
       724 -1.732351427E-02  1.115362299E-02 -7.490639091E-02  1.000000000E-02 
       725  2.470830296E-03  1.116538136E-02 -7.490639091E-02  1.000000000E-02 
       726  2.157890065E-03  1.116638877E-02 -7.490639091E-02  1.000000000E-02 
       727 -1.229941238E-02  1.118550618E-02 -7.490639091E-02  1.000000000E-02 
       728 -5.002982484E-04  1.118699371E-02 -7.490639091E-02  1.000000000E-02 
       729 -1.560242228E-02  1.119223869E-02 -7.490639091E-02  1.000000000E-02 
       730 -1.289857838E-02  1.119317263E-02 -7.490639091E-02  1.000000000E-02 
       731 -2.735665592E-03  1.119852266E-02 -7.490639091E-02  1.000000000E-02 
       732  2.597651674E-03  1.119892928E-02 -7.490639091E-02  1.000000000E-02 
       733 -1.119386737E-02  1.121175986E-02 -7.490639091E-02  0.000000000E+00 
       734 -3.223722176E-03  1.122111818E-02 -7.490639091E-02  1.000000000E-02 
       735 -1.364227626E-03  1.122364841E-02 -7.490639091E-02  1.000000000E-02 
       736  2.705625262E-03  1.122697993E-02 -7.490639091E-02  1.000000000E-02 
       737  2.117778226E-03  1.122830989E-02 -7.490639091E-02  1.000000000E-02 
       738 -1.774063149E-02  1.123667125E-02 -7.490639091E-02  1.000000000E-02 
       739 -3.791690935E-03  1.124260344E-02 -7.490639091E-02  0.000000000E+00 
       740 -1.175462528E-02  1.124987438E-02 -7.490639091E-02  1.000000000E-02 
       741  2.797229589E-03  1.125045476E-02 -7.490639091E-02  0.000000000E+00 
       742 -1.460455918E-02  1.125172713E-02 -7.490639091E-02  1.000000000E-02 
       743 -1.501553408E-02  1.125805760E-02 -7.490639091E-02  1.000000000E-02 
       744  1.782715593E-03  1.126322901E-02 -7.490639091E-02  1.000000000E-02 
       745  1.033351181E-03  1.127879263E-02 -7.490639091E-02  1.000000000E-02 
       746 -1.122626584E-02  1.130122358E-02 -7.490639091E-02  1.000000000E-02 
       747 -1.235452165E-02  1.131733462E-02 -7.490639091E-02  1.000000000E-02 
       748 -1.784434216E-02  1.132395559E-02 -7.490639091E-02  1.000000000E-02 
       749 -1.388730887E-02  1.132489807E-02 -7.490639091E-02  1.000000000E-02 
       750 -3.749641456E-03  1.132765353E-02 -7.490639091E-02  1.000000000E-02 
       751 -2.437206840E-03  1.133328917E-02 -7.490639091E-02  1.000000000E-02 
       752 -1.498632171E-03  1.133839901E-02 -7.490639091E-02  1.000000000E-02 
       753 -3.150363966E-03  1.134088506E-02 -7.490639091E-02  1.000000000E-02 
       754 -1.071006334E-02  1.134126015E-02 -7.490639091E-02  0.000000000E+00 
       755 -1.730228824E-02  1.134180710E-02 -7.490639091E-02  1.000000000E-02 
       756  1.272650186E-03  1.134605486E-02 -7.490639091E-02  1.000000000E-02 
       757 -1.842585428E-03  1.134860454E-02 -7.490639091E-02  1.000000000E-02 
       758 -1.277987726E-02  1.135550733E-02 -7.490639091E-02  1.000000000E-02 
       759 -9.838242955E-04  1.136688251E-02 -7.490639091E-02  1.000000000E-02 
       760  4.710882177E-04  1.136992258E-02 -7.490639091E-02  1.000000000E-02 
       761 -1.675402550E-02  1.137147735E-02 -7.490639091E-02  1.000000000E-02 
       762 -1.662509079E-02  1.137572552E-02 -7.490639091E-02  1.000000000E-02 
       763 -1.181081784E-02  1.137841365E-02 -7.490639091E-02  1.000000000E-02 
       764 -1.253689206E-02  1.139628644E-02 -7.490639091E-02  1.000000000E-02 
       765 -1.793205418E-02  1.139816077E-02 -7.490639091E-02  1.000000000E-02 
       766 -4.263962168E-03  1.140642457E-02 -7.490639091E-02  0.000000000E+00 
       767 -1.126552680E-02  1.140963258E-02 -7.490639091E-02  1.000000000E-02 
       768 -1.346726976E-02  1.142999985E-02 -7.490639091E-02  1.000000000E-02 
       769 -3.698643398E-03  1.143096614E-02 -7.490639091E-02  1.000000000E-02 
       770 -1.073715815E-02  1.143241182E-02 -7.490639091E-02  1.000000000E-02 
       771  2.164296462E-03  1.144598386E-02 -7.490639091E-02  1.000000000E-02 
       772 -1.022067931E-02  1.144814150E-02 -7.490639091E-02  0.000000000E+00 
       773 -1.734671772E-02  1.145764566E-02 -7.490639091E-02  1.000000000E-02 
       774 -1.800455128E-02  1.146276469E-02 -7.490639091E-02  0.000000000E+00 
       775  8.040663306E-04  1.146673989E-02 -7.490639091E-02  1.000000000E-02 
       776 -4.229131355E-03  1.149473834E-02 -7.490639091E-02  1.000000000E-02 
       777 -1.611372052E-02  1.149770357E-02 -7.490639091E-02  1.000000000E-02 
       778 -1.689422623E-02  1.150855396E-02 -7.490639091E-02  1.000000000E-02 
       779 -3.065922644E-03  1.151637387E-02 -7.490639091E-02  1.000000000E-02 
       780 -1.564466137E-02  1.151742330E-02 -7.490639091E-02  1.000000000E-02 
       781  2.229699280E-03  1.152563093E-02 -7.490639091E-02  1.000000000E-02 
       782  1.747722940E-05  1.153426541E-02 -7.490639091E-02  1.000000000E-02 
       783 -9.727160398E-03  1.153463102E-02 -7.490639091E-02  0.000000000E+00 
       784 -4.746959126E-03  1.153576988E-02 -7.490639091E-02  0.000000000E+00 
       785 -1.186602449E-02  1.153643715E-02 -7.490639091E-02  1.000000000E-02 
       786 -1.024295180E-02  1.154050254E-02 -7.490639091E-02  1.000000000E-02 
       787 -1.131317990E-02  1.154127096E-02 -7.490639091E-02  1.000000000E-02 
       788 -1.076997477E-02  1.154279480E-02 -7.490639091E-02  1.000000000E-02 
       789 -3.636678271E-03  1.155678890E-02 -7.490639091E-02  1.000000000E-02 
       790 -1.743640493E-02  1.155760461E-02 -7.490639091E-02  1.000000000E-02 
       791 -1.644606065E-02  1.156733373E-02 -7.490639091E-02  1.000000000E-02 
       792  2.453759758E-04  1.156875051E-02 -7.490639091E-02  1.000000000E-02 
       793 -1.202817065E-02  1.157342351E-02 -7.490639091E-02  1.000000000E-02 
       794  2.348114662E-03  1.158327638E-02 -7.490639091E-02  1.000000000E-02 
       795 -1.512028133E-02  1.160047684E-02 -7.490639091E-02  1.000000000E-02 
       796 -4.186922045E-03  1.160192119E-02 -7.490639091E-02  1.000000000E-02 
       797 -1.598640521E-02  1.160314317E-02 -7.490639091E-02  1.000000000E-02 
       798 -9.230749968E-03  1.160373504E-02 -7.490639091E-02  0.000000000E+00 
       799 -1.691513938E-02  1.160631953E-02 -7.490639091E-02  1.000000000E-02 
       800 -1.445736610E-02  1.160798598E-02 -7.490639091E-02  1.000000000E-02 
       801 -4.718850962E-03  1.162650052E-02 -7.490639091E-02  1.000000000E-02 
       802  1.713881160E-03  1.162710183E-02 -7.490639091E-02  1.000000000E-02 
       803 -9.744913597E-03  1.162792136E-02 -7.490639091E-02  1.000000000E-02 
       804 -5.237381647E-03  1.163206219E-02 -7.490639091E-02  0.000000000E+00 
       805  2.448872679E-03  1.163223901E-02 -7.490639091E-02  1.000000000E-02 
       806 -1.751202180E-02  1.164236569E-02 -7.490639091E-02  1.000000000E-02 
       807 -1.551690058E-02  1.164803639E-02 -7.490639091E-02  1.000000000E-02 
       808 -1.026991222E-02  1.165229207E-02 -7.490639091E-02  1.000000000E-02 
       809 -4.907911715E-04  1.165644847E-02 -7.490639091E-02  1.000000000E-02 
       810 -8.732603783E-03  1.165821689E-02 -7.490639091E-02  0.000000000E+00 
       811 -1.411329392E-02  1.166182746E-02 -7.490639091E-02  1.000000000E-02 
       812  2.534305351E-03  1.167377105E-02 -7.490639091E-02  0.000000000E+00 
       813 -1.080977994E-02  1.167672353E-02 -7.490639091E-02  1.000000000E-02 
       814  1.435179177E-03  1.168608049E-02 -7.490639091E-02  1.000000000E-02 
       815 -9.362467370E-04  1.168880455E-02 -7.490639091E-02  1.000000000E-02 
       816  1.830556461E-03  1.169559051E-02 -7.490639091E-02  1.000000000E-02 
       817 -5.732837893E-03  1.169697225E-02 -7.490639091E-02  0.000000000E+00 
       818 -1.340459732E-02  1.169757709E-02 -7.490639091E-02  1.000000000E-02 
       819 -9.244349144E-03  1.169772186E-02 -7.490639091E-02  1.000000000E-02 
       820 -8.233211217E-03  1.169978868E-02 -7.490639091E-02  0.000000000E+00 
       821 -1.646567695E-02  1.170582901E-02 -7.490639091E-02  1.000000000E-02 
       822 -3.100991238E-03  1.170926752E-02 -7.490639091E-02  1.000000000E-02 
       823 -1.757327911E-02  1.171591789E-02 -7.490639091E-02  0.000000000E+00 
       824 -1.699071624E-02  1.171617775E-02 -7.490639091E-02  1.000000000E-02 
       825 -3.574694415E-03  1.171878229E-02 -7.490639091E-02  1.000000000E-02 
       826 -5.215514695E-03  1.172442963E-02 -7.490639091E-02  1.000000000E-02 
       827 -1.504369101E-02  1.172659906E-02 -7.490639091E-02  1.000000000E-02 
       828 -7.733035686E-03  1.172927494E-02 -7.490639091E-02  0.000000000E+00 
       829 -4.135688024E-03  1.173231644E-02 -7.490639091E-02  1.000000000E-02 
       830 -2.068147841E-04  1.173337852E-02 -7.490639091E-02  1.000000000E-02 
       831 -6.231438077E-03  1.173444028E-02 -7.490639091E-02  0.000000000E+00 
       832 -4.684815101E-03  1.173653051E-02 -7.490639091E-02  1.000000000E-02 
       833 -9.766395355E-03  1.174079122E-02 -7.490639091E-02  1.000000000E-02 
       834 -7.232313294E-03  1.174641845E-02 -7.490639091E-02  0.000000000E+00 
       835 -6.731581306E-03  1.174940731E-02 -7.490639091E-02  0.000000000E+00 
       836 -8.742159872E-03  1.175269691E-02 -7.490639091E-02  1.000000000E-02 
       837  1.397280118E-03  1.176657571E-02 -7.490639091E-02  1.000000000E-02 
       838 -6.631723327E-04  1.177275388E-02 -7.490639091E-02  1.000000000E-02 
       839 -1.600443999E-02  1.177601370E-02 -7.490639091E-02  1.000000000E-02 
       840 -1.381004890E-03  1.177778001E-02 -7.490639091E-02  1.000000000E-02 
       841  1.868318498E-03  1.178101453E-02 -7.490639091E-02  1.000000000E-02 
       842 -1.295537417E-02  1.178753110E-02 -7.490639091E-02  1.000000000E-02 
       843 -1.030259120E-02  1.178784065E-02 -7.490639091E-02  1.000000000E-02 
       844 -5.716663719E-03  1.179041303E-02 -7.490639091E-02  1.000000000E-02 
       845 -8.238866114E-03  1.179456685E-02 -7.490639091E-02  1.000000000E-02 
       846 -3.290138426E-03  1.179874749E-02 -7.490639091E-02  1.000000000E-02 
       847 -2.438396978E-03  1.179889435E-02 -7.490639091E-02  1.000000000E-02 
       848 -1.918003031E-03  1.180232536E-02 -7.490639091E-02  1.000000000E-02 
       849 -4.216475484E-03  1.180585398E-02 -7.490639091E-02  1.000000000E-02 
       850 -1.705429857E-02  1.180910227E-02 -7.490639091E-02  1.000000000E-02 
       851 -9.260799646E-03  1.181140363E-02 -7.490639091E-02  1.000000000E-02 
       852 -1.652765073E-02  1.182372352E-02 -7.490639091E-02  1.000000000E-02 
       853 -7.734798679E-03  1.182418195E-02 -7.490639091E-02  1.000000000E-02 
       854 -6.220369413E-03  1.182864764E-02 -7.490639091E-02  1.000000000E-02 
       855 -1.553251473E-02  1.183111836E-02 -7.490639091E-02  1.000000000E-02 
       856  8.599640899E-04  1.183113993E-02 -7.490639091E-02  1.000000000E-02 
       857 -5.189056417E-03  1.183636394E-02 -7.490639091E-02  1.000000000E-02 
       858 -1.308711148E-02  1.184097360E-02 -7.490639091E-02  1.000000000E-02 
       859 -7.230102476E-03  1.184128784E-02 -7.490639091E-02  1.000000000E-02 
       860 -1.135514497E-03  1.184148173E-02 -7.490639091E-02  1.000000000E-02 
       861 -6.725134136E-03  1.184407803E-02 -7.490639091E-02  1.000000000E-02 
       862 -1.465889243E-02  1.185676499E-02 -7.490639091E-02  1.000000000E-02 
       863  1.974150779E-03  1.185919356E-02 -7.490639091E-02  1.000000000E-02 
       864 -1.140637617E-02  1.186069593E-02 -7.490639091E-02  1.000000000E-02 
       865 -8.753718227E-03  1.186695607E-02 -7.490639091E-02  1.000000000E-02 
       866 -4.643543658E-03  1.187026128E-02 -7.490639091E-02  1.000000000E-02 
       867 -9.792421941E-03  1.187758298E-02 -7.490639091E-02  1.000000000E-02 
       868 -1.505502496E-02  1.187856643E-02 -7.490639091E-02  1.000000000E-02 
       869 -1.242263109E-02  1.187858957E-02 -7.490639091E-02  1.000000000E-02 
       870 -1.358930128E-02  1.188148909E-02 -7.490639091E-02  1.000000000E-02 
       871 -1.151378217E-02  1.188343916E-02 -7.490639091E-02  1.000000000E-02 
       872 -1.710516339E-02  1.188905177E-02 -7.490639091E-02  0.000000000E+00 
       873  9.852903405E-04  1.189953823E-02 -7.490639091E-02  1.000000000E-02 
       874 -1.605474243E-02  1.189999701E-02 -7.490639091E-02  1.000000000E-02 
       875 -1.222568357E-02  1.190356735E-02 -7.490639091E-02  1.000000000E-02 
       876 -5.697109676E-03  1.190357467E-02 -7.490639091E-02  1.000000000E-02 
       877 -8.245708071E-03  1.190917649E-02 -7.490639091E-02  1.000000000E-02 
       878 -1.398604032E-02  1.191495703E-02 -7.490639091E-02  1.000000000E-02 
       879 -1.457523824E-02  1.192298678E-02 -7.490639091E-02  1.000000000E-02 
       880 -1.657967774E-02  1.192322611E-02 -7.490639091E-02  1.000000000E-02 
       881  2.064003797E-03  1.192583046E-02 -7.490639091E-02  1.000000000E-02 
       882 -7.736938165E-03  1.193895159E-02 -7.490639091E-02  1.000000000E-02 
       883 -6.206997342E-03  1.194267562E-02 -7.490639091E-02  1.000000000E-02 
       884 -2.173061490E-03  1.194429124E-02 -7.490639091E-02  1.000000000E-02 
       885 -1.606682742E-03  1.194445715E-02 -7.490639091E-02  1.000000000E-02 
       886 -2.752376162E-03  1.194769843E-02 -7.490639091E-02  1.000000000E-02 
       887 -9.280724337E-03  1.194913309E-02 -7.490639091E-02  1.000000000E-02 
       888 -1.087574641E-02  1.195354696E-02 -7.490639091E-02  1.000000000E-02 
       889 -7.227440795E-03  1.195603199E-02 -7.490639091E-02  1.000000000E-02 
       890 -6.717352540E-03  1.195861772E-02 -7.490639091E-02  1.000000000E-02 
       891 -1.557413178E-02  1.195908398E-02 -7.490639091E-02  1.000000000E-02 
       892  1.465145524E-03  1.196349136E-02 -7.490639091E-02  1.000000000E-02 
       893 -4.623133857E-03  1.196403885E-02 -7.490639091E-02  1.000000000E-02 
       894  3.440705245E-04  1.196396847E-02 -7.490639091E-02  1.000000000E-02 
       895 -4.068374627E-03  1.196646087E-02 -7.490639091E-02  1.000000000E-02 
       896 -1.409165792E-02  1.196891767E-02 -7.490639091E-02  1.000000000E-02 
       897 -5.157005160E-03  1.197228940E-02 -7.490639091E-02  1.000000000E-02 
       898 -1.260557706E-02  1.198079674E-02 -7.490639091E-02  1.000000000E-02 
       899  2.140023123E-03  1.198251336E-02 -7.490639091E-02  0.000000000E+00 
       900 -3.878333603E-03  1.198394787E-02 -7.490639091E-02  1.000000000E-02 
       901 -1.609693602E-02  1.200434810E-02 -7.490639091E-02  1.000000000E-02 
       902 -8.767716947E-03  1.200535678E-02 -7.490639091E-02  1.000000000E-02 
       903 -1.110893259E-02  1.200725456E-02 -7.490639091E-02  1.000000000E-02 
       904 -1.662129207E-02  1.200798712E-02 -7.490639091E-02  0.000000000E+00 
       905 -1.508965131E-02  1.200910714E-02 -7.490639091E-02  1.000000000E-02 
       906 -1.360336301E-02  1.201945493E-02 -7.490639091E-02  1.000000000E-02 
       907  5.575274081E-04  1.202252382E-02 -7.490639091E-02  1.000000000E-02 
       908 -1.034939985E-02  1.203123566E-02 -7.490639091E-02  1.000000000E-02 
       909 -5.673447866E-03  1.204088199E-02 -7.490639091E-02  1.000000000E-02 
       910 -8.253999660E-03  1.204798720E-02 -7.490639091E-02  1.000000000E-02 
       911 -1.460373958E-02  1.205537584E-02 -7.490639091E-02  1.000000000E-02 
       912 -1.211521688E-02  1.205718127E-02 -7.490639091E-02  1.000000000E-02 
       913  1.555783239E-03  1.205844120E-02 -7.490639091E-02  1.000000000E-02 
       914 -1.560899961E-02  1.206652672E-02 -7.490639091E-02  1.000000000E-02 
       915 -1.311392504E-02  1.207452012E-02 -7.490639091E-02  1.000000000E-02 
       916 -1.357300451E-04  1.207535463E-02 -7.490639091E-02  1.000000000E-02 
       917 -7.739543262E-03  1.207796255E-02 -7.490639091E-02  1.000000000E-02 
       918 -6.190832115E-03  1.208094273E-02 -7.490639091E-02  1.000000000E-02 
       919 -5.578418948E-03  1.208609141E-02 -7.490639091E-02  1.000000000E-02 
       920 -1.613076953E-02  1.209259588E-02 -7.490639091E-02  0.000000000E+00 
       921 -7.224240248E-03  1.209504170E-02 -7.490639091E-02  1.000000000E-02 
       922 -1.062067564E-02  1.209725781E-02 -7.490639091E-02  1.000000000E-02 
       923 -9.825972856E-03  1.209754489E-02 -7.490639091E-02  1.000000000E-02 
       924 -6.707958269E-03  1.209743277E-02 -7.490639091E-02  1.000000000E-02 
       925 -4.675804489E-03  1.210205643E-02 -7.490639091E-02  1.000000000E-02 
       926 -1.411552666E-02  1.210262326E-02 -7.490639091E-02  1.000000000E-02 
       927  1.041520485E-03  1.210639335E-02 -7.490639091E-02  1.000000000E-02 
       928 -1.511866382E-02  1.211853453E-02 -7.490639091E-02  1.000000000E-02 
       929 -5.134049312E-03  1.212209626E-02 -7.490639091E-02  1.000000000E-02 
       930 -1.262433040E-02  1.213317739E-02 -7.490639091E-02  1.000000000E-02 
       931  1.185952319E-04  1.213308008E-02 -7.490639091E-02  1.000000000E-02 
       932  1.632625341E-03  1.213928211E-02 -7.490639091E-02  1.000000000E-02 
       933 -6.118528861E-04  1.215233644E-02 -7.490639091E-02  1.000000000E-02 
       934 -1.362439774E-02  1.215389837E-02 -7.490639091E-02  1.000000000E-02 
       935 -9.305686647E-03  1.215398387E-02 -7.490639091E-02  1.000000000E-02 
       936 -1.563703499E-02  1.215696085E-02 -7.490639091E-02  0.000000000E+00 
       937 -1.174533505E-02  1.216580067E-02 -7.490639091E-02  1.000000000E-02 
       938 -1.462761696E-02  1.216619160E-02 -7.490639091E-02  1.000000000E-02 
       939 -1.012973305E-02  1.217198520E-02 -7.490639091E-02  1.000000000E-02 
       940 -5.066414451E-03  1.219291184E-02 -7.490639091E-02  1.000000000E-02 
       941 -1.213244538E-02  1.219395888E-02 -7.490639091E-02  1.000000000E-02 
       942 -8.786514426E-03  1.220394298E-02 -7.490639091E-02  1.000000000E-02 
       943  1.697538445E-03  1.220794195E-02 -7.490639091E-02  0.000000000E+00 
       944 -1.313262274E-02  1.220936200E-02 -7.490639091E-02  1.000000000E-02 
       945 -1.514209763E-02  1.221036789E-02 -7.490639091E-02  0.000000000E+00 
       946 -1.082954420E-03  1.221218991E-02 -7.490639091E-02  1.000000000E-02 
       947  1.116779695E-03  1.221422233E-02 -7.490639091E-02  1.000000000E-02 
       948 -1.413553259E-02  1.221437543E-02 -7.490639091E-02  1.000000000E-02 
       949 -3.329303623E-04  1.222385592E-02 -7.490639091E-02  1.000000000E-02 
       950  6.040747227E-04  1.222596126E-02 -7.490639091E-02  1.000000000E-02 
       951 -9.636257255E-03  1.223280428E-02 -7.490639091E-02  1.000000000E-02 
       952 -6.326788596E-03  1.224357060E-02 -7.490639091E-02  1.000000000E-02 
       953 -8.268400013E-03  1.224825135E-02 -7.490639091E-02  1.000000000E-02 
       954 -1.163780516E-02  1.225416380E-02 -7.490639091E-02  1.000000000E-02 
       955 -1.464701946E-02  1.225898556E-02 -7.490639091E-02  0.000000000E+00 
       956 -1.579338632E-03  1.226148773E-02 -7.490639091E-02  1.000000000E-02 
       957 -1.364202188E-02  1.226616300E-02 -7.490639091E-02  1.000000000E-02 
       958 -1.264085155E-02  1.226831163E-02 -7.490639091E-02  1.000000000E-02 
       959 -9.141203120E-03  1.228227477E-02 -7.490639091E-02  1.000000000E-02 
       960 -2.134387437E-03  1.228705086E-02 -7.490639091E-02  1.000000000E-02 
       961 -7.749746628E-03  1.228815363E-02 -7.490639091E-02  1.000000000E-02 
       962 -7.974461152E-04  1.228944663E-02 -7.490639091E-02  1.000000000E-02 
       963  1.180550017E-03  1.230574108E-02 -7.490639091E-02  1.000000000E-02 
       964 -1.415190528E-02  1.230778695E-02 -7.490639091E-02  0.000000000E+00 
       965 -1.114256231E-02  1.231095961E-02 -7.490639091E-02  1.000000000E-02 
       966 -2.799125872E-03  1.231296892E-02 -7.490639091E-02  1.000000000E-02 
       967 -8.645215868E-03  1.232166356E-02 -7.490639091E-02  1.000000000E-02 
       968 -1.314828395E-02  1.232190795E-02 -7.490639091E-02  1.000000000E-02 
       969 -7.229826061E-03  1.232261828E-02 -7.490639091E-02  1.000000000E-02 
       970 -3.355202089E-03  1.232476033E-02 -7.490639091E-02  1.000000000E-02 
       971  1.549126156E-04  1.232724372E-02 -7.490639091E-02  1.000000000E-02 
       972 -1.214751996E-02  1.232932888E-02 -7.490639091E-02  1.000000000E-02 
       973  6.650526391E-04  1.234327191E-02 -7.490639091E-02  1.000000000E-02 
       974 -6.706326827E-03  1.234993893E-02 -7.490639091E-02  1.000000000E-02 
       975 -1.269522436E-03  1.235232372E-02 -7.490639091E-02  1.000000000E-02 
       976 -8.148576338E-03  1.235253701E-02 -7.490639091E-02  1.000000000E-02 
       977 -1.365651657E-02  1.235990596E-02 -7.490639091E-02  0.000000000E+00 
       978 -1.064671172E-02  1.236250459E-02 -7.490639091E-02  1.000000000E-02 
       979 -3.613475296E-03  1.236664123E-02 -7.490639091E-02  1.000000000E-02 
       980 -5.712047418E-03  1.237218952E-02 -7.490639091E-02  1.000000000E-02 
       981 -7.652168251E-03  1.237470632E-02 -7.490639091E-02  1.000000000E-02 
       982 -6.168480636E-03  1.237465319E-02 -7.490639091E-02  1.000000000E-02 
       983 -1.265468120E-02  1.238103787E-02 -7.490639091E-02  1.000000000E-02 
       984  1.234388336E-03  1.238322882E-02 -7.490639091E-02  0.000000000E+00 
       985 -7.156676705E-03  1.238738570E-02 -7.490639091E-02  1.000000000E-02 
       986 -6.662076735E-03  1.238826461E-02 -7.490639091E-02  1.000000000E-02 
       987 -1.165213052E-02  1.238964984E-02 -7.490639091E-02  1.000000000E-02 
       988 -1.748841320E-03  1.239290204E-02 -7.490639091E-02  1.000000000E-02 
       989 -4.508522671E-03  1.239703952E-02 -7.490639091E-02  1.000000000E-02 
       990 -2.233780612E-03  1.240090214E-02 -7.490639091E-02  1.000000000E-02 
       991 -1.015023862E-02  1.240834044E-02 -7.490639091E-02  1.000000000E-02 
       992 -3.053519647E-04  1.241053225E-02 -7.490639091E-02  1.000000000E-02 
       993 -3.213213677E-03  1.241410634E-02 -7.490639091E-02  1.000000000E-02 
       994 -1.316122818E-02  1.241583401E-02 -7.490639091E-02  0.000000000E+00 
       995 -4.252279395E-03  1.241885476E-02 -7.490639091E-02  1.000000000E-02 
       996 -5.070519246E-03  1.244113835E-02 -7.490639091E-02  1.000000000E-02 
       997 -1.216012333E-02  1.244218596E-02 -7.490639091E-02  1.000000000E-02 
       998  7.166988534E-04  1.244251227E-02 -7.490639091E-02  1.000000000E-02 
       999 -1.115607883E-02  1.244650666E-02 -7.490639091E-02  1.000000000E-02 
      1000 -9.653360618E-03  1.244957706E-02 -7.490639091E-02  1.000000000E-02 
      1001  2.029708901E-04  1.245132444E-02 -7.490639091E-02  1.000000000E-02 
      1002 -1.266617479E-02  1.247505943E-02 -7.490639091E-02  0.000000000E+00 
      1003 -7.751762812E-04  1.247779144E-02 -7.490639091E-02  1.000000000E-02 
      1004 -9.156460085E-03  1.248775559E-02 -7.490639091E-02  1.000000000E-02 
      1005 -3.703731640E-03  1.249182358E-02 -7.490639091E-02  1.000000000E-02 
      1006 -1.065938444E-02  1.249810370E-02 -7.490639091E-02  1.000000000E-02 
      1007 -1.166409282E-02  1.250258409E-02 -7.490639091E-02  1.000000000E-02 
      1008 -8.659710451E-03  1.252405242E-02 -7.490639091E-02  1.000000000E-02 
      1009 -2.597956383E-03  1.252563196E-02 -7.490639091E-02  1.000000000E-02 
      1010  7.602733699E-04  1.252628665E-02 -7.490639091E-02  0.000000000E+00 
      1011 -1.252590721E-03  1.253204009E-02 -7.490639091E-02  1.000000000E-02 
      1012 -1.217063059E-02  1.253626752E-02 -7.490639091E-02  0.000000000E+00 
      1013 -2.682682341E-04  1.253915912E-02 -7.490639091E-02  1.000000000E-02 
      1014 -1.016209813E-02  1.254398520E-02 -7.490639091E-02  1.000000000E-02 
      1015  2.436811964E-04  1.255597208E-02 -7.490639091E-02  1.000000000E-02 
      1016 -8.163213887E-03  1.255931333E-02 -7.490639091E-02  1.000000000E-02 
      1017 -1.116735696E-02  1.255950345E-02 -7.490639091E-02  1.000000000E-02 
      1018 -5.185329182E-03  1.257435099E-02 -7.490639091E-02  1.000000000E-02 
      1019 -1.735568568E-03  1.257499447E-02 -7.490639091E-02  1.000000000E-02 
      1020 -9.664479114E-03  1.258523865E-02 -7.490639091E-02  1.000000000E-02 
      1021 -7.666963123E-03  1.259339365E-02 -7.490639091E-02  1.000000000E-02 
      1022 -4.690432624E-03  1.259537804E-02 -7.490639091E-02  1.000000000E-02 
      1023 -1.167406572E-02  1.259671688E-02 -7.490639091E-02  0.000000000E+00 
      1024 -2.222243436E-03  1.260801307E-02 -7.490639091E-02  1.000000000E-02 
      1025 -7.468968980E-04  1.260936537E-02 -7.490639091E-02  1.000000000E-02 
      1026 -1.066995365E-02  1.261115822E-02 -7.490639091E-02  1.000000000E-02 
      1027 -4.104305811E-03  1.261252079E-02 -7.490639091E-02  1.000000000E-02 
      1028 -5.572047204E-03  1.262203287E-02 -7.490639091E-02  1.000000000E-02 
      1029 -9.166882127E-03  1.262340301E-02 -7.490639091E-02  1.000000000E-02 
      1030 -7.170822689E-03  1.262462379E-02 -7.490639091E-02  1.000000000E-02 
      1031 -2.712105775E-03  1.263332019E-02 -7.490639091E-02  1.000000000E-02 
      1032  2.780251070E-04  1.264407241E-02 -7.490639091E-02  0.000000000E+00 
      1033 -2.368472904E-04  1.264734869E-02 -7.490639091E-02  1.000000000E-02 
      1034 -6.674661337E-03  1.265101108E-02 -7.490639091E-02  1.000000000E-02 
      1035 -3.204719780E-03  1.265329526E-02 -7.490639091E-02  1.000000000E-02 
      1036 -1.117675998E-02  1.265369612E-02 -7.490639091E-02  0.000000000E+00 
      1037 -1.017198545E-02  1.265708936E-02 -7.490639091E-02  1.000000000E-02 
      1038 -8.669416252E-03  1.265966635E-02 -7.490639091E-02  1.000000000E-02 
      1039 -1.231162161E-03  1.266546517E-02 -7.490639091E-02  1.000000000E-02 
      1040 -3.698728410E-03  1.266918360E-02 -7.490639091E-02  1.000000000E-02 
      1041 -6.178394682E-03  1.267103760E-02 -7.490639091E-02  1.000000000E-02 
      1042 -4.193730566E-03  1.268091071E-02 -7.490639091E-02  1.000000000E-02 
      1043 -5.682010691E-03  1.268367560E-02 -7.490639091E-02  1.000000000E-02 
      1044 -4.689520146E-03  1.268780355E-02 -7.490639091E-02  1.000000000E-02 
      1045 -5.185671712E-03  1.268899991E-02 -7.490639091E-02  1.000000000E-02 
      1046 -8.172133293E-03  1.269486650E-02 -7.490639091E-02  1.000000000E-02 
      1047 -9.673746538E-03  1.269836999E-02 -7.490639091E-02  1.000000000E-02 
      1048 -1.067876456E-02  1.270540881E-02 -7.490639091E-02  0.000000000E+00 
      1049 -1.719521457E-03  1.270957095E-02 -7.490639091E-02  1.000000000E-02 
      1050 -7.229238460E-04  1.271977824E-02 -7.490639091E-02  1.000000000E-02 
      1051 -7.674949499E-03  1.272889917E-02 -7.490639091E-02  1.000000000E-02 
      1052 -9.175568633E-03  1.273654007E-02 -7.490639091E-02  1.000000000E-02 
      1053 -2.103424505E-04  1.273821903E-02 -7.490639091E-02  0.000000000E+00 
      1054 -2.210555179E-03  1.274332402E-02 -7.490639091E-02  1.000000000E-02 
      1055 -1.018022687E-02  1.275138927E-02 -7.490639091E-02  0.000000000E+00 
      1056 -7.177685590E-03  1.276014559E-02 -7.490639091E-02  1.000000000E-02 
      1057 -2.703795803E-03  1.276909122E-02 -7.490639091E-02  1.000000000E-02 
      1058 -8.677506657E-03  1.277279404E-02 -7.490639091E-02  1.000000000E-02 
      1059 -1.212999312E-03  1.277723306E-02 -7.490639091E-02  1.000000000E-02 
      1060 -6.680236689E-03  1.278658650E-02 -7.490639091E-02  1.000000000E-02 
      1061 -3.198900143E-03  1.278927250E-02 -7.490639091E-02  1.000000000E-02 
      1062 -9.681470725E-03  1.279270158E-02 -7.490639091E-02  0.000000000E+00 
      1063 -3.694977829E-03  1.280517847E-02 -7.490639091E-02  1.000000000E-02 
      1064 -6.182564442E-03  1.280667312E-02 -7.490639091E-02  1.000000000E-02 
      1065 -8.179569953E-03  1.280795974E-02 -7.490639091E-02  1.000000000E-02 
      1066 -7.026986584E-04  1.281233427E-02 -7.490639091E-02  0.000000000E+00 
      1067 -4.191780817E-03  1.281684806E-02 -7.490639091E-02  1.000000000E-02 
      1068 -5.684702353E-03  1.281937761E-02 -7.490639091E-02  1.000000000E-02 
      1069 -1.705932266E-03  1.282216143E-02 -7.490639091E-02  1.000000000E-02 
      1070 -4.689174245E-03  1.282366638E-02 -7.490639091E-02  1.000000000E-02 
      1071 -5.186865466E-03  1.282477927E-02 -7.490639091E-02  1.000000000E-02 
      1072 -9.182808888E-03  1.283088850E-02 -7.490639091E-02  0.000000000E+00 
      1073 -7.681610546E-03  1.284196461E-02 -7.490639091E-02  1.000000000E-02 
      1074 -2.200679096E-03  1.285642453E-02 -7.490639091E-02  1.000000000E-02 
      1075 -8.684250906E-03  1.286714747E-02 -7.490639091E-02  0.000000000E+00 
      1076 -1.197681684E-03  1.287078484E-02 -7.490639091E-02  0.000000000E+00 
      1077 -7.183412201E-03  1.287323193E-02 -7.490639091E-02  1.000000000E-02 
      1078 -2.696795700E-03  1.288248526E-02 -7.490639091E-02  1.000000000E-02 
      1079 -6.684891794E-03  1.289971862E-02 -7.490639091E-02  1.000000000E-02 
      1080 -8.185770503E-03  1.290229563E-02 -7.490639091E-02  0.000000000E+00 
      1081 -3.194012306E-03  1.290277710E-02 -7.490639091E-02  1.000000000E-02 
      1082 -1.694482731E-03  1.291630149E-02 -7.490639091E-02  0.000000000E+00 
      1083 -3.691836189E-03  1.291866792E-02 -7.490639091E-02  1.000000000E-02 
      1084 -6.186049270E-03  1.291985227E-02 -7.490639091E-02  1.000000000E-02 
      1085 -4.190153380E-03  1.293027145E-02 -7.490639091E-02  1.000000000E-02 
      1086 -5.686955826E-03  1.293260900E-02 -7.490639091E-02  1.000000000E-02 
      1087 -7.687165941E-03  1.293628553E-02 -7.490639091E-02  0.000000000E+00 
      1088 -4.688890563E-03  1.293702034E-02 -7.490639091E-02  1.000000000E-02 
      1089 -5.187869111E-03  1.293806894E-02 -7.490639091E-02  1.000000000E-02 
      1090 -2.192374473E-03  1.295091706E-02 -7.490639091E-02  0.000000000E+00 
      1091 -7.188189985E-03  1.296757540E-02 -7.490639091E-02  0.000000000E+00 
      1092 -2.690924796E-03  1.297715845E-02 -7.490639091E-02  0.000000000E+00 
      1093 -6.688777578E-03  1.299410112E-02 -7.490639091E-02  0.000000000E+00 
      1094 -3.189923155E-03  1.299749861E-02 -7.490639091E-02  0.000000000E+00 
      1095 -3.689214145E-03  1.301335535E-02 -7.490639091E-02  0.000000000E+00 
      1096 -6.188960640E-03  1.301427197E-02 -7.490639091E-02  0.000000000E+00 
      1097 -4.188800026E-03  1.302489078E-02 -7.490639091E-02  0.000000000E+00 
      1098 -5.688841690E-03  1.302707016E-02 -7.490639091E-02  0.000000000E+00 
      1099 -4.688660245E-03  1.303157626E-02 -7.490639091E-02  0.000000000E+00 
      1100 -5.188713196E-03  1.303257458E-02 -7.490639091E-02  0.000000000E+00 
